1 2 89.88
1 3 51.89
1 4 14.25
1 5 11.84
2 3 69.32
2 4 57.48
2 5 62.59
3 4 95.05
3 5 7.48
4 5 32.55
#
1 2 27.23
1 3 23.69
1 4 11.72
1 5 42.05
2 3 94.22
2 4 54.03
2 5 63.65
3 4 66.53
3 5 58.13
4 5 27.61
#
1 2 62.41
1 3 81.44
1 4 24.97
1 5 87.29
2 3 58.79
2 4 50.80
2 5 14.79
3 4 84.55
3 5 87.11
4 5 52.84
#
1 2 29.79
1 3 76.99
1 4 13.26
1 5 47.57
2 3 83.83
2 4 77.58
2 5 5.05
3 4 46.42
3 5 81.15
4 5 16.05
#
1 2 82.49
1 3 16.90
1 4 34.74
1 5 89.21
2 3 53.95
2 4 37.48
2 5 51.76
3 4 26.12
3 5 99.01
4 5 9.89
#
1 2 57.25
1 3 69.94
1 4 94.85
1 5 77.22
2 3 65.75
2 4 53.64
2 5 28.03
3 4 75.55
3 5 46.71
4 5 15.14
#
1 2 36.91
1 3 71.51
1 4 87.13
1 5 45.17
2 3 27.60
2 4 70.96
2 5 31.28
3 4 27.65
3 5 25.90
4 5 12.43
#
1 2 38.70
1 3 8.39
1 4 24.34
1 5 76.96
2 3 6.12
2 4 81.81
2 5 14.44
3 4 52.89
3 5 7.94
4 5 21.98
#
1 2 66.30
1 3 60.19
1 4 86.92
1 5 61.16
2 3 45.94
2 4 61.20
2 5 23.32
3 4 68.97
3 5 45.27
4 5 65.04
#
1 2 87.63
1 3 77.18
1 4 45.07
1 5 74.76
2 3 30.88
2 4 67.67
2 5 54.24
3 4 57.16
3 5 90.32
4 5 75.14
#
1 2 73.11
1 3 37.54
1 4 87.05
1 5 5.97
2 3 23.02
2 4 96.69
2 5 91.31
3 4 32.46
3 5 58.10
4 5 7.77
#
1 2 49.44
1 3 24.41
1 4 71.48
1 5 44.89
2 3 89.09
2 4 17.42
2 5 6.09
3 4 12.41
3 5 89.91
4 5 46.36
#
1 2 72.45
1 3 77.54
1 4 32.06
1 5 17.52
2 3 52.30
2 4 57.94
2 5 88.71
3 4 15.06
3 5 23.62
4 5 87.55
#
1 2 93.72
1 3 91.74
1 4 25.09
1 5 80.77
2 3 6.23
2 4 43.11
2 5 85.99
3 4 92.54
3 5 79.10
4 5 44.09
#
1 2 95.31
1 3 28.54
1 4 72.02
1 5 75.32
2 3 68.43
2 4 69.63
2 5 87.74
3 4 78.04
3 5 77.05
4 5 77.66
#
1 2 24.40
1 3 58.02
1 4 55.20
1 5 51.47
2 3 70.55
2 4 16.03
2 5 17.93
3 4 67.78
3 5 26.09
4 5 45.08
#
1 2 55.34
1 3 19.82
1 4 45.34
1 5 83.95
2 3 9.11
2 4 46.57
2 5 35.59
3 4 90.10
3 5 47.64
4 5 14.69
#
1 2 42.72
1 3 51.47
1 4 38.23
1 5 23.26
2 3 26.79
2 4 15.19
2 5 87.90
3 4 14.54
3 5 88.23
4 5 64.95
#
1 2 87.20
1 3 21.16
1 4 22.97
1 5 50.92
2 3 76.15
2 4 97.04
2 5 61.95
3 4 97.60
3 5 64.83
4 5 91.57
#
1 2 42.68
1 3 20.17
1 4 11.39
1 5 83.02
2 3 12.64
2 4 15.50
2 5 38.12
3 4 43.23
3 5 14.13
4 5 80.76
#
1 2 52.92
1 3 51.85
1 4 32.23
1 5 94.68
2 3 78.63
2 4 54.03
2 5 9.87
3 4 66.53
3 5 63.57
4 5 6.62
#
1 2 31.48
1 3 59.29
1 4 22.78
1 5 57.98
2 3 18.73
2 4 7.45
2 5 55.02
3 4 84.21
3 5 5.06
4 5 28.37
#
1 2 75.78
1 3 42.74
1 4 52.06
1 5 90.69
2 3 25.77
2 4 59.71
2 5 14.71
3 4 58.89
3 5 97.94
4 5 23.84
#
1 2 48.17
1 3 59.39
1 4 79.21
1 5 75.40
2 3 54.07
2 4 57.85
2 5 29.43
3 4 67.46
3 5 24.38
4 5 96.52
#
1 2 69.08
1 3 59.39
1 4 64.33
1 5 95.39
2 3 17.37
2 4 78.07
2 5 97.84
3 4 75.91
3 5 70.80
4 5 97.90
#
1 2 12.81
1 3 46.58
1 4 40.65
1 5 59.87
2 3 37.27
2 4 69.94
2 5 28.10
3 4 55.50
3 5 37.35
4 5 26.05
#
1 2 82.87
1 3 80.52
1 4 88.96
1 5 62.08
2 3 55.92
2 4 43.03
2 5 28.45
3 4 88.88
3 5 10.49
4 5 56.36
#
1 2 93.92
1 3 83.09
1 4 24.27
1 5 58.26
2 3 78.48
2 4 45.16
2 5 44.85
3 4 76.33
3 5 21.07
4 5 24.17
#
1 2 82.75
1 3 37.40
1 4 65.75
1 5 23.40
2 3 92.28
2 4 11.54
2 5 96.86
3 4 20.38
3 5 70.56
4 5 34.21
#
1 2 49.95
1 3 53.43
1 4 14.73
1 5 38.91
2 3 24.04
2 4 74.18
2 5 85.46
3 4 47.49
3 5 63.06
4 5 90.95
#
1 2 12.37
1 3 65.50
1 4 74.05
1 5 31.64
2 3 32.28
2 4 61.05
2 5 71.80
3 4 80.65
3 5 45.90
4 5 96.40
#
1 2 99.82
1 3 28.66
1 4 33.80
1 5 74.09
2 3 55.58
2 4 34.60
2 5 89.15
3 4 52.45
3 5 58.51
4 5 59.72
#
1 2 81.66
1 3 16.98
1 4 13.15
1 5 99.92
2 3 59.42
2 4 32.19
2 5 74.10
3 4 44.88
3 5 83.21
4 5 45.68
#
1 2 35.84
1 3 90.58
1 4 11.18
1 5 18.41
2 3 30.75
2 4 46.99
2 5 82.98
3 4 11.07
3 5 27.64
4 5 28.89
#
1 2 15.99
1 3 27.47
1 4 52.55
1 5 44.80
2 3 10.08
2 4 16.65
2 5 82.92
3 4 94.24
3 5 64.10
4 5 49.95
#
1 2 53.96
1 3 54.29
1 4 61.94
1 5 70.63
2 3 62.73
2 4 21.36
2 5 97.83
3 4 45.35
3 5 61.24
4 5 89.56
#
1 2 86.03
1 3 5.60
1 4 88.66
1 5 5.73
2 3 27.53
2 4 19.41
2 5 47.72
3 4 10.52
3 5 25.49
4 5 78.89
#
1 2 34.41
1 3 36.48
1 4 14.88
1 5 90.48
2 3 84.80
2 4 19.96
2 5 7.13
3 4 76.25
3 5 14.20
4 5 74.76
#
1 2 26.20
1 3 63.16
1 4 29.05
1 5 91.66
2 3 42.32
2 4 86.78
2 5 13.02
3 4 48.67
3 5 32.13
4 5 77.79
#
1 2 38.23
1 3 26.68
1 4 78.39
1 5 26.89
2 3 35.93
2 4 14.45
2 5 49.83
3 4 87.18
3 5 19.97
4 5 70.32
#
1 2 66.07
1 3 57.90
1 4 15.32
1 5 75.95
2 3 48.38
2 4 8.65
2 5 99.43
3 4 50.51
3 5 88.42
4 5 13.64
#
1 2 25.27
1 3 14.62
1 4 80.32
1 5 57.84
2 3 6.29
2 4 22.64
2 5 53.14
3 4 22.83
3 5 66.31
4 5 88.79
#
1 2 95.62
1 3 99.54
1 4 23.99
1 5 82.54
2 3 34.96
2 4 54.93
2 5 91.99
3 4 79.79
3 5 50.63
4 5 11.96
#
1 2 50.11
1 3 25.22
1 4 64.86
1 5 68.95
2 3 9.69
2 4 21.76
2 5 81.12
3 4 9.12
3 5 75.79
4 5 69.54
#
1 2 17.76
1 3 9.59
1 4 87.69
1 5 93.09
2 3 62.43
2 4 88.98
2 5 15.73
3 4 15.58
3 5 20.33
4 5 85.57
#
1 2 12.89
1 3 15.96
1 4 85.11
1 5 31.89
2 3 7.02
2 4 20.07
2 5 81.82
3 4 94.01
3 5 94.86
4 5 32.45
#
1 2 14.49
1 3 53.49
1 4 61.19
1 5 82.87
2 3 30.97
2 4 65.88
2 5 99.63
3 4 12.09
3 5 70.00
4 5 75.42
#
1 2 76.64
1 3 82.77
1 4 80.01
1 5 72.85
2 3 84.38
2 4 50.97
2 5 61.83
3 4 95.11
3 5 70.07
4 5 85.68
#
1 2 89.20
1 3 77.96
1 4 10.16
1 5 74.32
2 3 9.85
2 4 12.18
2 5 97.91
3 4 95.19
3 5 14.71
4 5 6.30
#
1 2 36.16
1 3 24.20
1 4 63.31
1 5 92.35
2 3 15.59
2 4 89.28
2 5 58.23
3 4 15.22
3 5 9.90
4 5 28.24
#
1 2 94.17
1 3 90.06
1 4 19.53
1 5 82.70
2 3 62.91
2 4 98.91
2 5 33.67
3 4 33.26
3 5 7.54
4 5 98.74
#
1 2 18.94
1 3 91.75
1 4 76.71
1 5 24.11
2 3 66.07
2 4 90.08
2 5 39.81
3 4 72.50
3 5 85.28
4 5 49.53
#
1 2 73.80
1 3 21.44
1 4 77.25
1 5 45.64
2 3 22.32
2 4 87.85
2 5 34.92
3 4 75.55
3 5 11.59
4 5 48.34
#
1 2 12.31
1 3 5.76
1 4 38.40
1 5 26.84
2 3 83.47
2 4 96.31
2 5 25.75
3 4 17.14
3 5 29.57
4 5 28.30
#
1 2 24.41
1 3 52.04
1 4 28.57
1 5 9.64
2 3 71.15
2 4 98.16
2 5 8.24
3 4 19.48
3 5 70.66
4 5 88.52
#
1 2 64.01
1 3 52.99
1 4 18.49
1 5 41.27
2 3 93.63
2 4 35.81
2 5 37.64
3 4 37.07
3 5 19.88
4 5 44.23
#
1 2 80.42
1 3 27.20
1 4 45.00
1 5 18.82
2 3 49.04
2 4 36.99
2 5 23.66
3 4 69.80
3 5 57.65
4 5 56.75
#
1 2 6.62
1 3 77.06
1 4 8.79
1 5 30.19
2 3 90.22
2 4 83.46
2 5 28.35
3 4 93.47
3 5 97.95
4 5 7.53
#
1 2 90.51
1 3 70.48
1 4 55.52
1 5 9.00
2 3 20.27
2 4 57.67
2 5 48.33
3 4 52.91
3 5 98.27
4 5 63.22
#
1 2 92.15
1 3 78.69
1 4 85.42
1 5 45.67
2 3 6.03
2 4 34.46
2 5 77.66
3 4 24.69
3 5 12.78
4 5 35.31
#
1 2 76.45
1 3 22.92
1 4 20.90
1 5 88.76
2 3 56.63
2 4 19.64
2 5 72.23
3 4 79.98
3 5 13.11
4 5 78.70
#
1 2 91.04
1 3 98.63
1 4 49.18
1 5 55.08
2 3 16.15
2 4 64.46
2 5 21.28
3 4 59.49
3 5 25.89
4 5 19.55
#
1 2 22.71
1 3 18.04
1 4 93.24
1 5 8.13
2 3 67.23
2 4 94.27
2 5 46.11
3 4 53.41
3 5 27.49
4 5 53.90
#
1 2 92.25
1 3 12.46
1 4 80.34
1 5 21.67
2 3 9.74
2 4 36.98
2 5 36.31
3 4 76.97
3 5 25.48
4 5 44.43
#
1 2 64.19
1 3 16.52
1 4 51.58
1 5 13.38
2 3 75.13
2 4 62.73
2 5 81.36
3 4 91.41
3 5 22.22
4 5 7.25
#
1 2 10.96
1 3 48.45
1 4 20.30
1 5 99.20
2 3 51.58
2 4 91.05
2 5 6.99
3 4 6.22
3 5 44.47
4 5 38.00
#
1 2 63.64
1 3 45.24
1 4 53.98
1 5 43.98
2 3 61.91
2 4 58.73
2 5 75.96
3 4 93.22
3 5 44.22
4 5 96.45
#
1 2 46.17
1 3 8.42
1 4 21.49
1 5 92.75
2 3 16.80
2 4 91.62
2 5 55.49
3 4 93.16
3 5 83.03
4 5 81.23
#
1 2 95.41
1 3 97.51
1 4 29.69
1 5 24.23
2 3 96.71
2 4 84.79
2 5 23.81
3 4 12.23
3 5 86.01
4 5 63.28
#
1 2 45.23
1 3 49.65
1 4 8.52
1 5 7.74
2 3 88.64
2 4 73.95
2 5 61.47
3 4 73.12
3 5 67.17
4 5 5.69
#
1 2 78.09
1 3 13.35
1 4 9.11
1 5 8.11
2 3 6.10
2 4 29.43
2 5 94.73
3 4 65.11
3 5 22.59
4 5 86.29
#
1 2 46.35
1 3 26.53
1 4 83.80
1 5 79.56
2 3 54.28
2 4 89.04
2 5 64.35
3 4 73.09
3 5 9.79
4 5 58.89
#
1 2 44.89
1 3 58.54
1 4 8.54
1 5 56.93
2 3 61.28
2 4 5.70
2 5 30.88
3 4 22.75
3 5 82.35
4 5 93.06
#
1 2 23.45
1 3 60.44
1 4 14.93
1 5 36.08
2 3 72.07
2 4 16.03
2 5 60.52
3 4 66.81
3 5 84.67
4 5 86.63
#
1 2 61.62
1 3 39.54
1 4 21.68
1 5 53.94
2 3 19.10
2 4 70.97
2 5 51.50
3 4 86.97
3 5 44.06
4 5 56.29
#
1 2 45.86
1 3 83.96
1 4 23.36
1 5 49.41
2 3 40.89
2 4 79.64
2 5 58.63
3 4 66.78
3 5 10.92
4 5 40.98
#
1 2 68.36
1 3 37.89
1 4 9.95
1 5 78.29
2 3 68.97
2 4 77.02
2 5 97.84
3 4 38.01
3 5 52.35
4 5 82.51
#
1 2 24.65
1 3 22.49
1 4 30.57
1 5 41.33
2 3 79.96
2 4 44.67
2 5 12.30
3 4 31.46
3 5 40.17
4 5 59.89
#
1 2 91.28
1 3 81.03
1 4 43.85
1 5 14.64
2 3 38.96
2 4 88.26
2 5 89.28
3 4 92.60
3 5 63.56
4 5 95.20
#
1 2 42.10
1 3 31.92
1 4 33.09
1 5 55.57
2 3 10.21
2 4 10.59
2 5 32.60
3 4 8.06
3 5 43.60
4 5 88.47
#
1 2 94.09
1 3 71.77
1 4 19.49
1 5 24.67
2 3 13.11
2 4 94.45
2 5 72.86
3 4 28.93
3 5 25.91
4 5 13.03
#
1 2 92.34
1 3 17.19
1 4 89.07
1 5 44.71
2 3 35.35
2 4 36.55
2 5 32.98
3 4 24.64
3 5 29.15
4 5 91.54
#
1 2 28.36
1 3 74.78
1 4 31.99
1 5 64.98
2 3 30.35
2 4 45.72
2 5 70.57
3 4 66.47
3 5 48.78
4 5 14.17
#
1 2 63.47
1 3 51.40
1 4 80.95
1 5 77.96
2 3 71.07
2 4 97.58
2 5 72.41
3 4 52.45
3 5 35.03
4 5 6.84
#
1 2 60.49
1 3 27.38
1 4 27.56
1 5 58.08
2 3 67.09
2 4 57.91
2 5 89.63
3 4 8.59
3 5 86.07
4 5 18.79
#
1 2 8.66
1 3 14.44
1 4 97.09
1 5 35.65
2 3 74.42
2 4 35.96
2 5 76.37
3 4 53.51
3 5 10.96
4 5 33.68
#
1 2 62.68
1 3 69.43
1 4 88.60
1 5 52.15
2 3 55.91
2 4 59.67
2 5 49.73
3 4 36.84
3 5 20.64
4 5 88.29
#
1 2 47.20
1 3 76.13
1 4 24.19
1 5 69.76
2 3 34.21
2 4 94.80
2 5 36.20
3 4 23.85
3 5 98.40
4 5 22.27
#
1 2 46.16
1 3 15.58
1 4 40.23
1 5 51.77
2 3 54.75
2 4 23.17
2 5 82.73
3 4 39.64
3 5 71.68
4 5 88.69
#
1 2 68.32
1 3 42.89
1 4 66.64
1 5 65.44
2 3 90.04
2 4 31.07
2 5 33.63
3 4 48.30
3 5 62.91
4 5 49.28
#
1 2 36.59
1 3 18.64
1 4 25.41
1 5 64.30
2 3 83.40
2 4 63.15
2 5 59.10
3 4 19.60
3 5 82.00
4 5 66.02
#
1 2 45.40
1 3 36.68
1 4 76.60
1 5 89.15
2 3 83.45
2 4 31.35
2 5 12.33
3 4 66.18
3 5 66.00
4 5 87.53
#
1 2 63.40
1 3 42.84
1 4 30.42
1 5 38.56
2 3 8.29
2 4 20.47
2 5 73.16
3 4 36.92
3 5 72.29
4 5 44.59
#
1 2 81.20
1 3 17.40
1 4 58.23
1 5 15.14
2 3 76.70
2 4 41.64
2 5 73.29
3 4 35.80
3 5 64.76
4 5 55.29
#
1 2 96.83
1 3 18.68
1 4 95.49
1 5 81.95
2 3 7.84
2 4 78.94
2 5 13.31
3 4 23.69
3 5 53.64
4 5 82.83
#
1 2 11.22
1 3 17.04
1 4 34.19
1 5 36.65
2 3 59.13
2 4 37.48
2 5 60.64
3 4 32.29
3 5 77.93
4 5 32.93
#
1 2 80.40
1 3 59.13
1 4 45.33
1 5 38.64
2 3 77.79
2 4 22.03
2 5 83.80
3 4 51.08
3 5 61.35
4 5 57.08
#
1 2 14.89
1 3 66.70
1 4 70.77
1 5 10.38
2 3 48.66
2 4 82.13
2 5 84.32
3 4 56.97
3 5 5.82
4 5 46.49
#
1 2 48.32
1 3 12.04
1 4 67.05
1 5 77.51
2 3 52.21
2 4 26.18
2 5 23.52
3 4 12.85
3 5 61.99
4 5 96.45
#
1 2 40.78
1 3 42.40
1 4 64.10
1 5 89.63
2 3 84.56
2 4 41.90
2 5 20.18
3 4 68.36
3 5 87.98
4 5 76.54
#
