1 2 89.88
1 3 51.89
1 4 14.25
1 5 11.84
1 6 69.32
1 7 57.48
2 3 62.59
2 4 95.05
2 5 7.48
2 6 32.55
2 7 27.23
3 4 23.69
3 5 11.72
3 6 42.05
3 7 94.22
4 5 54.03
4 6 63.65
4 7 66.53
5 6 58.13
5 7 27.61
6 7 62.41
#
1 2 81.44
1 3 24.97
1 4 87.29
1 5 58.79
1 6 50.80
1 7 14.79
2 3 84.55
2 4 87.11
2 5 52.84
2 6 29.79
2 7 76.99
3 4 13.26
3 5 47.57
3 6 83.83
3 7 77.58
4 5 5.05
4 6 46.42
4 7 81.15
5 6 16.05
5 7 82.49
6 7 16.90
#
1 2 34.74
1 3 89.21
1 4 53.95
1 5 37.48
1 6 51.76
1 7 26.12
2 3 99.01
2 4 9.89
2 5 57.25
2 6 69.94
2 7 94.85
3 4 77.22
3 5 65.75
3 6 53.64
3 7 28.03
4 5 75.55
4 6 46.71
4 7 15.14
5 6 36.91
5 7 71.51
6 7 87.13
#
1 2 45.17
1 3 27.60
1 4 70.96
1 5 31.28
1 6 27.65
1 7 25.90
2 3 12.43
2 4 38.70
2 5 8.39
2 6 24.34
2 7 76.96
3 4 6.12
3 5 81.81
3 6 14.44
3 7 52.89
4 5 7.94
4 6 21.98
4 7 66.30
5 6 60.19
5 7 86.92
6 7 61.16
#
1 2 45.94
1 3 61.20
1 4 23.32
1 5 68.97
1 6 45.27
1 7 65.04
2 3 87.63
2 4 77.18
2 5 45.07
2 6 74.76
2 7 30.88
3 4 67.67
3 5 54.24
3 6 57.16
3 7 90.32
4 5 75.14
4 6 73.11
4 7 37.54
5 6 87.05
5 7 5.97
6 7 23.02
#
1 2 96.69
1 3 91.31
1 4 32.46
1 5 58.10
1 6 7.77
1 7 49.44
2 3 24.41
2 4 71.48
2 5 44.89
2 6 89.09
2 7 17.42
3 4 6.09
3 5 12.41
3 6 89.91
3 7 46.36
4 5 72.45
4 6 77.54
4 7 32.06
5 6 17.52
5 7 52.30
6 7 57.94
#
1 2 88.71
1 3 15.06
1 4 23.62
1 5 87.55
1 6 93.72
1 7 91.74
2 3 25.09
2 4 80.77
2 5 6.23
2 6 43.11
2 7 85.99
3 4 92.54
3 5 79.10
3 6 44.09
3 7 95.31
4 5 28.54
4 6 72.02
4 7 75.32
5 6 68.43
5 7 69.63
6 7 87.74
#
1 2 78.04
1 3 77.05
1 4 77.66
1 5 24.40
1 6 58.02
1 7 55.20
2 3 51.47
2 4 70.55
2 5 16.03
2 6 17.93
2 7 67.78
3 4 26.09
3 5 45.08
3 6 55.34
3 7 19.82
4 5 45.34
4 6 83.95
4 7 9.11
5 6 46.57
5 7 35.59
6 7 90.10
#
1 2 47.64
1 3 14.69
1 4 42.72
1 5 51.47
1 6 38.23
1 7 23.26
2 3 26.79
2 4 15.19
2 5 87.90
2 6 14.54
2 7 88.23
3 4 64.95
3 5 87.20
3 6 21.16
3 7 22.97
4 5 50.92
4 6 76.15
4 7 97.04
5 6 61.95
5 7 97.60
6 7 64.83
#
1 2 91.57
1 3 42.68
1 4 20.17
1 5 11.39
1 6 83.02
1 7 12.64
2 3 15.50
2 4 38.12
2 5 43.23
2 6 14.13
2 7 80.76
3 4 52.92
3 5 51.85
3 6 32.23
3 7 94.68
4 5 78.63
4 6 54.03
4 7 9.87
5 6 66.53
5 7 63.57
6 7 6.62
#
1 2 31.48
1 3 59.29
1 4 22.78
1 5 57.98
1 6 18.73
1 7 7.45
2 3 55.02
2 4 84.21
2 5 5.06
2 6 28.37
2 7 75.78
3 4 42.74
3 5 52.06
3 6 90.69
3 7 25.77
4 5 59.71
4 6 14.71
4 7 58.89
5 6 97.94
5 7 23.84
6 7 48.17
#
1 2 59.39
1 3 79.21
1 4 75.40
1 5 54.07
1 6 57.85
1 7 29.43
2 3 67.46
2 4 24.38
2 5 96.52
2 6 69.08
2 7 59.39
3 4 64.33
3 5 95.39
3 6 17.37
3 7 78.07
4 5 97.84
4 6 75.91
4 7 70.80
5 6 97.90
5 7 12.81
6 7 46.58
#
1 2 40.65
1 3 59.87
1 4 37.27
1 5 69.94
1 6 28.10
1 7 55.50
2 3 37.35
2 4 26.05
2 5 82.87
2 6 80.52
2 7 88.96
3 4 62.08
3 5 55.92
3 6 43.03
3 7 28.45
4 5 88.88
4 6 10.49
4 7 56.36
5 6 93.92
5 7 83.09
6 7 24.27
#
1 2 58.26
1 3 78.48
1 4 45.16
1 5 44.85
1 6 76.33
1 7 21.07
2 3 24.17
2 4 82.75
2 5 37.40
2 6 65.75
2 7 23.40
3 4 92.28
3 5 11.54
3 6 96.86
3 7 20.38
4 5 70.56
4 6 34.21
4 7 49.95
5 6 53.43
5 7 14.73
6 7 38.91
#
1 2 24.04
1 3 74.18
1 4 85.46
1 5 47.49
1 6 63.06
1 7 90.95
2 3 12.37
2 4 65.50
2 5 74.05
2 6 31.64
2 7 32.28
3 4 61.05
3 5 71.80
3 6 80.65
3 7 45.90
4 5 96.40
4 6 99.82
4 7 28.66
5 6 33.80
5 7 74.09
6 7 55.58
#
1 2 34.60
1 3 89.15
1 4 52.45
1 5 58.51
1 6 59.72
1 7 81.66
2 3 16.98
2 4 13.15
2 5 99.92
2 6 59.42
2 7 32.19
3 4 74.10
3 5 44.88
3 6 83.21
3 7 45.68
4 5 35.84
4 6 90.58
4 7 11.18
5 6 18.41
5 7 30.75
6 7 46.99
#
1 2 82.98
1 3 11.07
1 4 27.64
1 5 28.89
1 6 15.99
1 7 27.47
2 3 52.55
2 4 44.80
2 5 10.08
2 6 16.65
2 7 82.92
3 4 94.24
3 5 64.10
3 6 49.95
3 7 53.96
4 5 54.29
4 6 61.94
4 7 70.63
5 6 62.73
5 7 21.36
6 7 97.83
#
1 2 45.35
1 3 61.24
1 4 89.56
1 5 86.03
1 6 5.60
1 7 88.66
2 3 5.73
2 4 27.53
2 5 19.41
2 6 47.72
2 7 10.52
3 4 25.49
3 5 78.89
3 6 34.41
3 7 36.48
4 5 14.88
4 6 90.48
4 7 84.80
5 6 19.96
5 7 7.13
6 7 76.25
#
1 2 14.20
1 3 74.76
1 4 26.20
1 5 63.16
1 6 29.05
1 7 91.66
2 3 42.32
2 4 86.78
2 5 13.02
2 6 48.67
2 7 32.13
3 4 77.79
3 5 38.23
3 6 26.68
3 7 78.39
4 5 26.89
4 6 35.93
4 7 14.45
5 6 49.83
5 7 87.18
6 7 19.97
#
1 2 70.32
1 3 66.07
1 4 57.90
1 5 15.32
1 6 75.95
1 7 48.38
2 3 8.65
2 4 99.43
2 5 50.51
2 6 88.42
2 7 13.64
3 4 25.27
3 5 14.62
3 6 80.32
3 7 57.84
4 5 6.29
4 6 22.64
4 7 53.14
5 6 22.83
5 7 66.31
6 7 88.79
#
1 2 95.62
1 3 99.54
1 4 23.99
1 5 82.54
1 6 34.96
1 7 54.93
2 3 91.99
2 4 79.79
2 5 50.63
2 6 11.96
2 7 50.11
3 4 25.22
3 5 64.86
3 6 68.95
3 7 9.69
4 5 21.76
4 6 81.12
4 7 9.12
5 6 75.79
5 7 69.54
6 7 17.76
#
1 2 9.59
1 3 87.69
1 4 93.09
1 5 62.43
1 6 88.98
1 7 15.73
2 3 15.58
2 4 20.33
2 5 85.57
2 6 12.89
2 7 15.96
3 4 85.11
3 5 31.89
3 6 7.02
3 7 20.07
4 5 81.82
4 6 94.01
4 7 94.86
5 6 32.45
5 7 14.49
6 7 53.49
#
1 2 61.19
1 3 82.87
1 4 30.97
1 5 65.88
1 6 99.63
1 7 12.09
2 3 70.00
2 4 75.42
2 5 76.64
2 6 82.77
2 7 80.01
3 4 72.85
3 5 84.38
3 6 50.97
3 7 61.83
4 5 95.11
4 6 70.07
4 7 85.68
5 6 89.20
5 7 77.96
6 7 10.16
#
1 2 74.32
1 3 9.85
1 4 12.18
1 5 97.91
1 6 95.19
1 7 14.71
2 3 6.30
2 4 36.16
2 5 24.20
2 6 63.31
2 7 92.35
3 4 15.59
3 5 89.28
3 6 58.23
3 7 15.22
4 5 9.90
4 6 28.24
4 7 94.17
5 6 90.06
5 7 19.53
6 7 82.70
#
1 2 62.91
1 3 98.91
1 4 33.67
1 5 33.26
1 6 7.54
1 7 98.74
2 3 18.94
2 4 91.75
2 5 76.71
2 6 24.11
2 7 66.07
3 4 90.08
3 5 39.81
3 6 72.50
3 7 85.28
4 5 49.53
4 6 73.80
4 7 21.44
5 6 77.25
5 7 45.64
6 7 22.32
#
1 2 87.85
1 3 34.92
1 4 75.55
1 5 11.59
1 6 48.34
1 7 12.31
2 3 5.76
2 4 38.40
2 5 26.84
2 6 83.47
2 7 96.31
3 4 25.75
3 5 17.14
3 6 29.57
3 7 28.30
4 5 24.41
4 6 52.04
4 7 28.57
5 6 9.64
5 7 71.15
6 7 98.16
#
1 2 8.24
1 3 19.48
1 4 70.66
1 5 88.52
1 6 64.01
1 7 52.99
2 3 18.49
2 4 41.27
2 5 93.63
2 6 35.81
2 7 37.64
3 4 37.07
3 5 19.88
3 6 44.23
3 7 80.42
4 5 27.20
4 6 45.00
4 7 18.82
5 6 49.04
5 7 36.99
6 7 23.66
#
1 2 69.80
1 3 57.65
1 4 56.75
1 5 6.62
1 6 77.06
1 7 8.79
2 3 30.19
2 4 90.22
2 5 83.46
2 6 28.35
2 7 93.47
3 4 97.95
3 5 7.53
3 6 90.51
3 7 70.48
4 5 55.52
4 6 9.00
4 7 20.27
5 6 57.67
5 7 48.33
6 7 52.91
#
1 2 98.27
1 3 63.22
1 4 92.15
1 5 78.69
1 6 85.42
1 7 45.67
2 3 6.03
2 4 34.46
2 5 77.66
2 6 24.69
2 7 12.78
3 4 35.31
3 5 76.45
3 6 22.92
3 7 20.90
4 5 88.76
4 6 56.63
4 7 19.64
5 6 72.23
5 7 79.98
6 7 13.11
#
1 2 78.70
1 3 91.04
1 4 98.63
1 5 49.18
1 6 55.08
1 7 16.15
2 3 64.46
2 4 21.28
2 5 59.49
2 6 25.89
2 7 19.55
3 4 22.71
3 5 18.04
3 6 93.24
3 7 8.13
4 5 67.23
4 6 94.27
4 7 46.11
5 6 53.41
5 7 27.49
6 7 53.90
#
1 2 92.25
1 3 12.46
1 4 80.34
1 5 21.67
1 6 9.74
1 7 36.98
2 3 36.31
2 4 76.97
2 5 25.48
2 6 44.43
2 7 64.19
3 4 16.52
3 5 51.58
3 6 13.38
3 7 75.13
4 5 62.73
4 6 81.36
4 7 91.41
5 6 22.22
5 7 7.25
6 7 10.96
#
1 2 48.45
1 3 20.30
1 4 99.20
1 5 51.58
1 6 91.05
1 7 6.99
2 3 6.22
2 4 44.47
2 5 38.00
2 6 63.64
2 7 45.24
3 4 53.98
3 5 43.98
3 6 61.91
3 7 58.73
4 5 75.96
4 6 93.22
4 7 44.22
5 6 96.45
5 7 46.17
6 7 8.42
#
1 2 21.49
1 3 92.75
1 4 16.80
1 5 91.62
1 6 55.49
1 7 93.16
2 3 83.03
2 4 81.23
2 5 95.41
2 6 97.51
2 7 29.69
3 4 24.23
3 5 96.71
3 6 84.79
3 7 23.81
4 5 12.23
4 6 86.01
4 7 63.28
5 6 45.23
5 7 49.65
6 7 8.52
#
1 2 7.74
1 3 88.64
1 4 73.95
1 5 61.47
1 6 73.12
1 7 67.17
2 3 5.69
2 4 78.09
2 5 13.35
2 6 9.11
2 7 8.11
3 4 6.10
3 5 29.43
3 6 94.73
3 7 65.11
4 5 22.59
4 6 86.29
4 7 46.35
5 6 26.53
5 7 83.80
6 7 79.56
#
1 2 54.28
1 3 89.04
1 4 64.35
1 5 73.09
1 6 9.79
1 7 58.89
2 3 44.89
2 4 58.54
2 5 8.54
2 6 56.93
2 7 61.28
3 4 5.70
3 5 30.88
3 6 22.75
3 7 82.35
4 5 93.06
4 6 23.45
4 7 60.44
5 6 14.93
5 7 36.08
6 7 72.07
#
1 2 16.03
1 3 60.52
1 4 66.81
1 5 84.67
1 6 86.63
1 7 61.62
2 3 39.54
2 4 21.68
2 5 53.94
2 6 19.10
2 7 70.97
3 4 51.50
3 5 86.97
3 6 44.06
3 7 56.29
4 5 45.86
4 6 83.96
4 7 23.36
5 6 49.41
5 7 40.89
6 7 79.64
#
1 2 58.63
1 3 66.78
1 4 10.92
1 5 40.98
1 6 68.36
1 7 37.89
2 3 9.95
2 4 78.29
2 5 68.97
2 6 77.02
2 7 97.84
3 4 38.01
3 5 52.35
3 6 82.51
3 7 24.65
4 5 22.49
4 6 30.57
4 7 41.33
5 6 79.96
5 7 44.67
6 7 12.30
#
1 2 31.46
1 3 40.17
1 4 59.89
1 5 91.28
1 6 81.03
1 7 43.85
2 3 14.64
2 4 38.96
2 5 88.26
2 6 89.28
2 7 92.60
3 4 63.56
3 5 95.20
3 6 42.10
3 7 31.92
4 5 33.09
4 6 55.57
4 7 10.21
5 6 10.59
5 7 32.60
6 7 8.06
#
1 2 43.60
1 3 88.47
1 4 94.09
1 5 71.77
1 6 19.49
1 7 24.67
2 3 13.11
2 4 94.45
2 5 72.86
2 6 28.93
2 7 25.91
3 4 13.03
3 5 92.34
3 6 17.19
3 7 89.07
4 5 44.71
4 6 35.35
4 7 36.55
5 6 32.98
5 7 24.64
6 7 29.15
#
1 2 91.54
1 3 28.36
1 4 74.78
1 5 31.99
1 6 64.98
1 7 30.35
2 3 45.72
2 4 70.57
2 5 66.47
2 6 48.78
2 7 14.17
3 4 63.47
3 5 51.40
3 6 80.95
3 7 77.96
4 5 71.07
4 6 97.58
4 7 72.41
5 6 52.45
5 7 35.03
6 7 6.84
#
1 2 60.49
1 3 27.38
1 4 27.56
1 5 58.08
1 6 67.09
1 7 57.91
2 3 89.63
2 4 8.59
2 5 86.07
2 6 18.79
2 7 8.66
3 4 14.44
3 5 97.09
3 6 35.65
3 7 74.42
4 5 35.96
4 6 76.37
4 7 53.51
5 6 10.96
5 7 33.68
6 7 62.68
#
1 2 69.43
1 3 88.60
1 4 52.15
1 5 55.91
1 6 59.67
1 7 49.73
2 3 36.84
2 4 20.64
2 5 88.29
2 6 47.20
2 7 76.13
3 4 24.19
3 5 69.76
3 6 34.21
3 7 94.80
4 5 36.20
4 6 23.85
4 7 98.40
5 6 22.27
5 7 46.16
6 7 15.58
#
1 2 40.23
1 3 51.77
1 4 54.75
1 5 23.17
1 6 82.73
1 7 39.64
2 3 71.68
2 4 88.69
2 5 68.32
2 6 42.89
2 7 66.64
3 4 65.44
3 5 90.04
3 6 31.07
3 7 33.63
4 5 48.30
4 6 62.91
4 7 49.28
5 6 36.59
5 7 18.64
6 7 25.41
#
1 2 64.30
1 3 83.40
1 4 63.15
1 5 59.10
1 6 19.60
1 7 82.00
2 3 66.02
2 4 45.40
2 5 36.68
2 6 76.60
2 7 89.15
3 4 83.45
3 5 31.35
3 6 12.33
3 7 66.18
4 5 66.00
4 6 87.53
4 7 63.40
5 6 42.84
5 7 30.42
6 7 38.56
#
1 2 8.29
1 3 20.47
1 4 73.16
1 5 36.92
1 6 72.29
1 7 44.59
2 3 81.20
2 4 17.40
2 5 58.23
2 6 15.14
2 7 76.70
3 4 41.64
3 5 73.29
3 6 35.80
3 7 64.76
4 5 55.29
4 6 96.83
4 7 18.68
5 6 95.49
5 7 81.95
6 7 7.84
#
1 2 78.94
1 3 13.31
1 4 23.69
1 5 53.64
1 6 82.83
1 7 11.22
2 3 17.04
2 4 34.19
2 5 36.65
2 6 59.13
2 7 37.48
3 4 60.64
3 5 32.29
3 6 77.93
3 7 32.93
4 5 80.40
4 6 59.13
4 7 45.33
5 6 38.64
5 7 77.79
6 7 22.03
#
1 2 83.80
1 3 51.08
1 4 61.35
1 5 57.08
1 6 14.89
1 7 66.70
2 3 70.77
2 4 10.38
2 5 48.66
2 6 82.13
2 7 84.32
3 4 56.97
3 5 5.82
3 6 46.49
3 7 48.32
4 5 12.04
4 6 67.05
4 7 77.51
5 6 52.21
5 7 26.18
6 7 23.52
#
1 2 12.85
1 3 61.99
1 4 96.45
1 5 40.78
1 6 42.40
1 7 64.10
2 3 89.63
2 4 84.56
2 5 41.90
2 6 20.18
2 7 68.36
3 4 87.98
3 5 76.54
3 6 25.44
3 7 11.40
4 5 43.24
4 6 99.73
4 7 16.78
5 6 86.90
5 7 81.86
6 7 9.63
#
1 2 52.39
1 3 82.68
1 4 51.12
1 5 9.23
1 6 98.25
1 7 26.69
2 3 81.75
2 4 50.46
2 5 47.88
2 6 5.27
2 7 58.32
3 4 18.39
3 5 10.24
3 6 7.62
3 7 64.31
4 5 69.34
4 6 92.26
4 7 48.87
5 6 11.24
5 7 12.44
6 7 25.75
#
1 2 7.75
1 3 92.50
1 4 46.20
1 5 14.15
1 6 44.27
1 7 45.93
2 3 34.45
2 4 39.69
2 5 36.32
2 6 47.60
2 7 95.61
3 4 19.00
3 5 7.24
3 6 99.84
3 7 25.77
4 5 28.94
4 6 90.11
4 7 71.24
5 6 80.34
5 7 90.38
6 7 38.08
#
1 2 7.25
1 3 95.62
1 4 40.70
1 5 66.57
1 6 73.49
1 7 41.48
2 3 15.44
2 4 79.73
2 5 57.45
2 6 44.72
2 7 91.00
3 4 49.95
3 5 85.92
3 6 13.67
3 7 97.74
4 5 40.37
4 6 51.65
4 7 37.44
5 6 71.69
5 7 94.25
6 7 33.05
#
1 2 94.22
1 3 10.02
1 4 41.41
1 5 19.99
1 6 42.48
1 7 31.53
2 3 94.75
2 4 22.82
2 5 30.43
2 6 32.83
2 7 25.07
3 4 34.58
3 5 77.06
3 6 95.16
3 7 8.07
4 5 27.06
4 6 19.13
4 7 91.32
5 6 79.51
5 7 58.85
6 7 82.33
#
1 2 37.99
1 3 44.77
1 4 91.00
1 5 35.73
1 6 88.66
1 7 51.17
2 3 76.69
2 4 68.88
2 5 45.43
2 6 18.26
2 7 71.62
3 4 58.97
3 5 54.68
3 6 95.13
3 7 96.45
4 5 81.21
4 6 89.89
4 7 27.79
5 6 20.16
5 7 31.24
6 7 47.86
#
1 2 49.74
1 3 16.82
1 4 43.03
1 5 52.81
1 6 38.89
1 7 65.68
2 3 52.66
2 4 26.92
2 5 24.53
2 6 34.99
2 7 59.91
3 4 72.82
3 5 34.51
3 6 99.17
3 7 61.48
4 5 80.69
4 6 75.86
4 7 38.88
5 6 34.64
5 7 89.13
6 7 10.50
#
1 2 88.61
1 3 52.33
1 4 14.16
1 5 93.58
1 6 33.54
1 7 12.57
2 3 21.37
2 4 48.70
2 5 47.33
2 6 72.75
2 7 6.97
3 4 59.16
3 5 24.30
3 6 63.30
3 7 93.05
4 5 84.98
4 6 15.96
4 7 28.49
5 6 9.51
5 7 54.47
6 7 83.41
#
1 2 77.33
1 3 92.51
1 4 91.10
1 5 47.34
1 6 73.20
1 7 75.48
2 3 81.22
2 4 16.36
2 5 73.13
2 6 95.25
2 7 13.49
3 4 25.46
3 5 9.41
3 6 7.07
3 7 62.52
4 5 25.50
4 6 23.44
4 7 19.75
5 6 67.83
5 7 99.71
6 7 21.72
#
1 2 26.99
1 3 24.02
1 4 80.02
1 5 28.56
1 6 9.00
1 7 99.51
2 3 52.06
2 4 13.52
2 5 53.98
2 6 43.99
2 7 94.37
3 4 46.49
3 5 35.09
3 6 41.71
3 7 28.21
4 5 10.57
4 6 31.46
4 7 39.57
5 6 78.71
5 7 26.71
6 7 48.06
#
1 2 99.17
1 3 39.64
1 4 58.65
1 5 70.22
1 6 68.66
1 7 85.61
2 3 84.97
2 4 36.49
2 5 85.33
2 6 6.69
2 7 58.49
3 4 9.35
3 5 90.23
3 6 90.57
3 7 13.35
4 5 89.74
4 6 42.63
4 7 21.87
5 6 43.73
5 7 90.14
6 7 24.77
#
1 2 85.22
1 3 25.23
1 4 61.48
1 5 13.44
1 6 39.33
1 7 87.94
2 3 56.53
2 4 18.04
2 5 23.17
2 6 13.12
2 7 25.73
3 4 66.33
3 5 66.77
3 6 90.95
3 7 34.99
4 5 52.39
4 6 75.92
4 7 66.49
5 6 37.72
5 7 86.13
6 7 33.50
#
1 2 42.07
1 3 76.37
1 4 32.59
1 5 58.94
1 6 66.11
1 7 78.75
2 3 84.34
2 4 9.84
2 5 68.89
2 6 9.11
2 7 98.59
3 4 97.65
3 5 65.59
3 6 20.55
3 7 36.98
4 5 62.06
4 6 72.08
4 7 58.54
5 6 88.75
5 7 88.72
6 7 79.27
#
1 2 55.09
1 3 55.50
1 4 78.75
1 5 93.60
1 6 7.89
1 7 63.19
2 3 68.61
2 4 49.13
2 5 49.33
2 6 10.63
2 7 86.20
3 4 25.70
3 5 38.23
3 6 45.14
3 7 95.33
4 5 16.98
4 6 29.48
4 7 13.70
5 6 89.39
5 7 42.11
6 7 12.29
#
1 2 87.04
1 3 7.71
1 4 36.36
1 5 24.02
1 6 73.29
1 7 16.96
2 3 86.08
2 4 62.04
2 5 5.69
2 6 65.36
2 7 17.13
3 4 56.19
3 5 52.63
3 6 10.74
3 7 67.60
4 5 24.34
4 6 82.87
4 7 16.73
5 6 68.67
5 7 88.51
6 7 11.45
#
1 2 97.89
1 3 35.26
1 4 60.11
1 5 6.75
1 6 47.24
1 7 93.12
2 3 15.45
2 4 45.15
2 5 35.23
2 6 22.74
2 7 32.20
3 4 46.46
3 5 62.62
3 6 59.74
3 7 19.75
4 5 74.58
4 6 45.83
4 7 76.80
5 6 75.27
5 7 19.71
6 7 97.45
#
1 2 39.98
1 3 75.86
1 4 16.71
1 5 7.58
1 6 95.20
1 7 94.59
2 3 27.83
2 4 72.40
2 5 83.10
2 6 42.80
2 7 70.29
3 4 18.36
3 5 11.44
3 6 72.04
3 7 69.12
4 5 99.56
4 6 82.49
4 7 22.79
5 6 43.31
5 7 13.75
6 7 49.99
#
1 2 84.78
1 3 79.89
1 4 18.26
1 5 99.53
1 6 54.48
1 7 67.61
2 3 84.85
2 4 38.27
2 5 82.32
2 6 82.31
2 7 73.26
3 4 66.70
3 5 94.02
3 6 84.36
3 7 61.90
4 5 88.61
4 6 12.20
4 7 34.30
5 6 80.23
5 7 58.52
6 7 13.12
#
1 2 7.11
1 3 64.96
1 4 88.68
1 5 79.75
1 6 64.52
1 7 79.70
2 3 97.55
2 4 16.36
2 5 88.45
2 6 56.06
2 7 96.14
3 4 76.87
3 5 69.32
3 6 9.19
3 7 31.35
4 5 36.93
4 6 89.05
4 7 64.62
5 6 27.77
5 7 79.88
6 7 37.88
#
1 2 89.47
1 3 73.90
1 4 30.77
1 5 51.38
1 6 71.04
1 7 46.49
2 3 89.20
2 4 59.79
2 5 5.01
2 6 97.32
2 7 61.91
3 4 64.98
3 5 86.01
3 6 41.66
3 7 38.02
4 5 65.71
4 6 47.73
4 7 49.38
5 6 62.68
5 7 98.80
6 7 54.04
#
1 2 39.55
1 3 68.12
1 4 66.76
1 5 74.42
1 6 13.58
1 7 64.33
2 3 39.05
2 4 36.35
2 5 44.21
2 6 80.45
2 7 25.83
3 4 26.63
3 5 19.74
3 6 80.73
3 7 92.67
4 5 61.23
4 6 69.93
4 7 52.47
5 6 61.25
5 7 75.78
6 7 22.90
#
1 2 34.75
1 3 70.31
1 4 68.08
1 5 76.29
1 6 36.02
1 7 15.82
2 3 25.68
2 4 7.22
2 5 14.62
2 6 83.24
2 7 50.30
3 4 86.26
3 5 50.00
3 6 24.72
3 7 94.84
4 5 22.85
4 6 67.29
4 7 31.20
5 6 62.06
5 7 56.27
6 7 60.55
#
1 2 83.70
1 3 71.01
1 4 41.28
1 5 84.89
1 6 32.25
1 7 19.73
2 3 45.88
2 4 97.02
2 5 90.51
2 6 72.30
2 7 31.77
3 4 60.82
3 5 40.39
3 6 8.06
3 7 5.36
4 5 59.73
4 6 37.26
4 7 16.11
5 6 69.35
5 7 29.03
6 7 69.93
#
1 2 55.61
1 3 82.55
1 4 89.65
1 5 50.46
1 6 5.41
1 7 65.47
2 3 85.18
2 4 62.47
2 5 21.74
2 6 45.73
2 7 54.69
3 4 96.27
3 5 90.53
3 6 39.59
3 7 28.52
4 5 10.26
4 6 88.99
4 7 34.06
5 6 9.30
5 7 61.30
6 7 60.83
#
1 2 73.64
1 3 10.21
1 4 72.42
1 5 82.53
1 6 64.94
1 7 18.20
2 3 93.64
2 4 42.81
2 5 42.23
2 6 72.09
2 7 93.42
3 4 24.79
3 5 70.26
3 6 52.40
3 7 25.20
4 5 35.73
4 6 46.10
4 7 91.19
5 6 60.99
5 7 86.83
6 7 45.89
#
1 2 57.27
1 3 77.36
1 4 89.00
1 5 89.31
1 6 91.15
1 7 86.51
2 3 23.38
2 4 95.45
2 5 47.81
2 6 87.73
2 7 69.09
3 4 61.54
3 5 60.15
3 6 51.62
3 7 26.48
4 5 73.36
4 6 53.78
4 7 64.29
5 6 15.59
5 7 25.87
6 7 66.24
#
1 2 43.90
1 3 91.14
1 4 27.16
1 5 64.10
1 6 35.39
1 7 68.27
2 3 55.30
2 4 91.39
2 5 63.62
2 6 9.71
2 7 57.18
3 4 49.51
3 5 93.71
3 6 55.01
3 7 40.66
4 5 80.22
4 6 73.39
4 7 36.11
5 6 36.56
5 7 69.65
6 7 13.72
#
1 2 93.10
1 3 29.80
1 4 60.35
1 5 28.11
1 6 11.68
1 7 22.65
2 3 95.92
2 4 30.80
2 5 43.53
2 6 70.68
2 7 69.70
3 4 43.19
3 5 6.37
3 6 42.33
3 7 73.58
4 5 78.16
4 6 6.15
4 7 73.49
5 6 41.78
5 7 10.86
6 7 39.19
#
1 2 94.81
1 3 13.09
1 4 89.21
1 5 35.47
1 6 96.83
1 7 71.12
2 3 66.58
2 4 33.39
2 5 40.77
2 6 75.31
2 7 35.02
3 4 74.10
3 5 44.18
3 6 66.65
3 7 89.30
4 5 61.83
4 6 62.57
4 7 20.10
5 6 13.88
5 7 41.78
6 7 93.33
#
1 2 60.59
1 3 43.15
1 4 35.66
1 5 42.70
1 6 29.83
1 7 36.81
2 3 24.71
2 4 66.61
2 5 51.19
2 6 58.91
2 7 69.95
3 4 59.28
3 5 56.64
3 6 5.42
3 7 56.11
4 5 27.76
4 6 75.53
4 7 93.03
5 6 72.06
5 7 59.36
6 7 28.05
#
1 2 54.68
1 3 12.06
1 4 89.70
1 5 43.98
1 6 77.41
1 7 60.79
2 3 67.61
2 4 94.82
2 5 11.09
2 6 60.94
2 7 55.41
3 4 49.24
3 5 91.60
3 6 6.63
3 7 82.59
4 5 36.93
4 6 26.35
4 7 57.73
5 6 83.12
5 7 80.26
6 7 27.68
#
1 2 42.40
1 3 45.42
1 4 28.10
1 5 7.03
1 6 68.18
1 7 12.15
2 3 95.06
2 4 48.76
2 5 66.51
2 6 23.11
2 7 11.96
3 4 73.57
3 5 21.33
3 6 50.95
3 7 59.51
4 5 85.65
4 6 18.56
4 7 54.33
5 6 91.74
5 7 83.02
6 7 9.74
#
1 2 49.51
1 3 74.62
1 4 11.38
1 5 32.10
1 6 20.07
1 7 41.25
2 3 84.83
2 4 98.19
2 5 21.51
2 6 12.51
2 7 49.11
3 4 61.93
3 5 44.14
3 6 51.14
3 7 38.63
4 5 51.29
4 6 46.21
4 7 90.92
5 6 26.33
5 7 72.84
6 7 97.88
#
1 2 8.42
1 3 97.70
1 4 57.35
1 5 62.93
1 6 83.35
1 7 79.43
2 3 17.26
2 4 83.61
2 5 62.45
2 6 30.53
2 7 41.64
3 4 45.59
3 5 36.91
3 6 68.75
3 7 69.18
4 5 73.16
4 6 62.10
4 7 67.37
5 6 98.19
5 7 78.14
6 7 25.00
#
1 2 68.64
1 3 22.28
1 4 71.15
1 5 15.79
1 6 77.09
1 7 25.88
2 3 6.71
2 4 98.42
2 5 93.72
2 6 13.12
2 7 6.85
3 4 99.94
3 5 73.99
3 6 64.78
3 7 83.29
4 5 61.95
4 6 85.57
4 7 75.43
5 6 32.92
5 7 16.10
6 7 17.07
#
1 2 82.04
1 3 48.01
1 4 89.34
1 5 51.22
1 6 29.69
1 7 51.45
2 3 18.60
2 4 36.40
2 5 38.11
2 6 38.60
2 7 5.04
3 4 55.39
3 5 18.27
3 6 24.35
3 7 41.00
4 5 39.15
4 6 34.59
4 7 39.43
5 6 41.40
5 7 42.71
6 7 49.80
#
1 2 41.34
1 3 25.22
1 4 23.10
1 5 33.16
1 6 82.17
1 7 8.67
2 3 17.11
2 4 23.62
2 5 19.77
2 6 29.18
2 7 5.66
3 4 62.78
3 5 27.05
3 6 51.88
3 7 95.99
4 5 82.02
4 6 74.00
4 7 32.39
5 6 20.13
5 7 21.13
6 7 40.95
#
1 2 79.04
1 3 34.40
1 4 60.31
1 5 20.04
1 6 77.08
1 7 89.90
2 3 54.47
2 4 27.00
2 5 41.13
2 6 12.79
2 7 71.86
3 4 69.87
3 5 30.90
3 6 13.54
3 7 60.57
4 5 34.57
4 6 25.65
4 7 79.19
5 6 49.35
5 7 58.36
6 7 79.85
#
1 2 20.65
1 3 80.41
1 4 31.73
1 5 16.65
1 6 62.43
1 7 14.26
2 3 52.56
2 4 86.08
2 5 30.39
2 6 97.04
2 7 65.12
3 4 59.79
3 5 57.35
3 6 80.16
3 7 45.39
4 5 55.77
4 6 43.16
4 7 67.39
5 6 5.42
5 7 50.95
6 7 39.26
#
1 2 70.29
1 3 76.85
1 4 47.80
1 5 30.86
1 6 11.43
1 7 76.98
2 3 10.05
2 4 55.78
2 5 35.34
2 6 93.42
2 7 71.43
3 4 24.27
3 5 33.68
3 6 91.60
3 7 90.22
4 5 42.94
4 6 44.17
4 7 76.30
5 6 68.33
5 7 41.21
6 7 41.42
#
1 2 28.12
1 3 7.08
1 4 30.10
1 5 77.04
1 6 57.85
1 7 68.26
2 3 44.43
2 4 66.79
2 5 27.74
2 6 87.21
2 7 37.08
3 4 99.59
3 5 35.02
3 6 62.95
3 7 19.54
4 5 12.00
4 6 76.52
4 7 70.32
5 6 50.86
5 7 69.95
6 7 50.28
#
1 2 70.13
1 3 98.63
1 4 50.40
1 5 60.35
1 6 41.57
1 7 98.09
2 3 36.65
2 4 9.90
2 5 47.82
2 6 81.59
2 7 41.54
3 4 49.90
3 5 11.69
3 6 18.58
3 7 16.27
4 5 83.48
4 6 66.54
4 7 78.06
5 6 11.22
5 7 53.75
6 7 23.67
#
1 2 10.81
1 3 92.29
1 4 81.62
1 5 25.36
1 6 12.81
1 7 66.66
2 3 99.20
2 4 58.67
2 5 36.61
2 6 58.00
2 7 28.80
3 4 43.76
3 5 8.41
3 6 92.67
3 7 88.85
4 5 6.50
4 6 29.32
4 7 93.75
5 6 49.33
5 7 10.91
6 7 43.82
#
1 2 7.75
1 3 26.13
1 4 65.92
1 5 27.55
1 6 9.61
1 7 32.46
2 3 14.13
2 4 15.83
2 5 89.74
2 6 32.80
2 7 30.16
3 4 82.03
3 5 22.94
3 6 50.52
3 7 98.37
4 5 84.61
4 6 58.25
4 7 57.04
5 6 29.74
5 7 16.25
6 7 89.37
#
1 2 68.51
1 3 28.18
1 4 82.04
1 5 57.36
1 6 29.69
1 7 19.89
2 3 59.64
2 4 82.54
2 5 34.32
2 6 11.98
2 7 93.81
3 4 55.45
3 5 72.90
3 6 21.36
3 7 68.58
4 5 13.89
4 6 30.50
4 7 79.41
5 6 98.63
5 7 58.30
6 7 18.10
#
1 2 89.18
1 3 76.25
1 4 72.14
1 5 87.55
1 6 69.38
1 7 30.39
2 3 44.60
2 4 94.12
2 5 50.17
2 6 42.49
2 7 71.15
3 4 73.35
3 5 33.05
3 6 28.52
3 7 11.56
4 5 47.94
4 6 91.68
4 7 97.62
5 6 77.27
5 7 12.18
6 7 91.44
#
1 2 41.24
1 3 80.08
1 4 21.32
1 5 9.83
1 6 97.49
1 7 46.82
2 3 92.76
2 4 96.12
2 5 13.65
2 6 10.86
2 7 85.31
3 4 93.42
3 5 78.01
3 6 81.38
3 7 62.80
4 5 16.92
4 6 34.50
4 7 65.44
5 6 62.09
5 7 71.99
6 7 36.60
#
1 2 43.97
1 3 5.05
1 4 68.64
1 5 50.53
1 6 56.51
1 7 60.32
2 3 48.16
2 4 33.78
2 5 76.02
2 6 48.12
2 7 78.55
3 4 56.10
3 5 64.44
3 6 91.90
3 7 53.60
4 5 19.79
4 6 84.66
4 7 58.24
5 6 36.96
5 7 99.05
6 7 52.07
#
1 2 30.38
1 3 85.58
1 4 33.46
1 5 96.70
1 6 97.50
1 7 62.96
2 3 62.14
2 4 59.60
2 5 43.48
2 6 93.74
2 7 98.57
3 4 52.05
3 5 62.38
3 6 57.62
3 7 8.56
4 5 31.22
4 6 14.30
4 7 37.35
5 6 7.24
5 7 57.42
6 7 24.42
#
1 2 66.87
1 3 30.39
1 4 16.32
1 5 28.99
1 6 45.18
1 7 95.98
2 3 82.23
2 4 85.66
2 5 8.55
2 6 42.83
2 7 16.04
3 4 89.13
3 5 79.81
3 6 21.26
3 7 86.64
4 5 51.29
4 6 78.40
4 7 54.76
5 6 89.77
5 7 80.67
6 7 61.85
#
1 2 41.82
1 3 51.57
1 4 19.47
1 5 45.39
1 6 77.80
1 7 28.78
2 3 86.26
2 4 88.56
2 5 89.72
2 6 19.20
2 7 55.43
3 4 20.11
3 5 30.52
3 6 79.42
3 7 68.81
4 5 35.02
4 6 70.18
4 7 54.47
5 6 38.58
5 7 21.53
6 7 74.03
#
1 2 27.71
1 3 96.34
1 4 98.81
1 5 14.35
1 6 47.63
1 7 85.74
2 3 72.63
2 4 45.93
2 5 66.41
2 6 34.48
2 7 91.27
3 4 17.98
3 5 48.96
3 6 45.18
3 7 99.30
4 5 81.26
4 6 39.96
4 7 87.87
5 6 70.98
5 7 54.16
6 7 43.30
#
1 2 94.62
1 3 79.68
1 4 31.25
1 5 71.95
1 6 14.71
1 7 9.95
2 3 34.95
2 4 48.29
2 5 26.48
2 6 8.98
2 7 79.52
3 4 31.34
3 5 16.32
3 6 88.88
3 7 73.97
4 5 97.06
4 6 61.51
4 7 28.42
5 6 63.47
5 7 99.52
6 7 19.70
#
