1 2 89.88
1 3 51.89
1 4 14.25
1 5 11.84
1 6 69.32
1 7 57.48
1 8 62.59
1 9 95.05
1 10 7.48
2 3 32.55
2 4 27.23
2 5 23.69
2 6 11.72
2 7 42.05
2 8 94.22
2 9 54.03
2 10 63.65
3 4 66.53
3 5 58.13
3 6 27.61
3 7 62.41
3 8 81.44
3 9 24.97
3 10 87.29
4 5 58.79
4 6 50.80
4 7 14.79
4 8 84.55
4 9 87.11
4 10 52.84
5 6 29.79
5 7 76.99
5 8 13.26
5 9 47.57
5 10 83.83
6 7 77.58
6 8 5.05
6 9 46.42
6 10 81.15
7 8 16.05
7 9 82.49
7 10 16.90
8 9 34.74
8 10 89.21
9 10 53.95
#
1 2 37.48
1 3 51.76
1 4 26.12
1 5 99.01
1 6 9.89
1 7 57.25
1 8 69.94
1 9 94.85
1 10 77.22
2 3 65.75
2 4 53.64
2 5 28.03
2 6 75.55
2 7 46.71
2 8 15.14
2 9 36.91
2 10 71.51
3 4 87.13
3 5 45.17
3 6 27.60
3 7 70.96
3 8 31.28
3 9 27.65
3 10 25.90
4 5 12.43
4 6 38.70
4 7 8.39
4 8 24.34
4 9 76.96
4 10 6.12
5 6 81.81
5 7 14.44
5 8 52.89
5 9 7.94
5 10 21.98
6 7 66.30
6 8 60.19
6 9 86.92
6 10 61.16
7 8 45.94
7 9 61.20
7 10 23.32
8 9 68.97
8 10 45.27
9 10 65.04
#
1 2 87.63
1 3 77.18
1 4 45.07
1 5 74.76
1 6 30.88
1 7 67.67
1 8 54.24
1 9 57.16
1 10 90.32
2 3 75.14
2 4 73.11
2 5 37.54
2 6 87.05
2 7 5.97
2 8 23.02
2 9 96.69
2 10 91.31
3 4 32.46
3 5 58.10
3 6 7.77
3 7 49.44
3 8 24.41
3 9 71.48
3 10 44.89
4 5 89.09
4 6 17.42
4 7 6.09
4 8 12.41
4 9 89.91
4 10 46.36
5 6 72.45
5 7 77.54
5 8 32.06
5 9 17.52
5 10 52.30
6 7 57.94
6 8 88.71
6 9 15.06
6 10 23.62
7 8 87.55
7 9 93.72
7 10 91.74
8 9 25.09
8 10 80.77
9 10 6.23
#
1 2 43.11
1 3 85.99
1 4 92.54
1 5 79.10
1 6 44.09
1 7 95.31
1 8 28.54
1 9 72.02
1 10 75.32
2 3 68.43
2 4 69.63
2 5 87.74
2 6 78.04
2 7 77.05
2 8 77.66
2 9 24.40
2 10 58.02
3 4 55.20
3 5 51.47
3 6 70.55
3 7 16.03
3 8 17.93
3 9 67.78
3 10 26.09
4 5 45.08
4 6 55.34
4 7 19.82
4 8 45.34
4 9 83.95
4 10 9.11
5 6 46.57
5 7 35.59
5 8 90.10
5 9 47.64
5 10 14.69
6 7 42.72
6 8 51.47
6 9 38.23
6 10 23.26
7 8 26.79
7 9 15.19
7 10 87.90
8 9 14.54
8 10 88.23
9 10 64.95
#
1 2 87.20
1 3 21.16
1 4 22.97
1 5 50.92
1 6 76.15
1 7 97.04
1 8 61.95
1 9 97.60
1 10 64.83
2 3 91.57
2 4 42.68
2 5 20.17
2 6 11.39
2 7 83.02
2 8 12.64
2 9 15.50
2 10 38.12
3 4 43.23
3 5 14.13
3 6 80.76
3 7 52.92
3 8 51.85
3 9 32.23
3 10 94.68
4 5 78.63
4 6 54.03
4 7 9.87
4 8 66.53
4 9 63.57
4 10 6.62
5 6 31.48
5 7 59.29
5 8 22.78
5 9 57.98
5 10 18.73
6 7 7.45
6 8 55.02
6 9 84.21
6 10 5.06
7 8 28.37
7 9 75.78
7 10 42.74
8 9 52.06
8 10 90.69
9 10 25.77
#
1 2 59.71
1 3 14.71
1 4 58.89
1 5 97.94
1 6 23.84
1 7 48.17
1 8 59.39
1 9 79.21
1 10 75.40
2 3 54.07
2 4 57.85
2 5 29.43
2 6 67.46
2 7 24.38
2 8 96.52
2 9 69.08
2 10 59.39
3 4 64.33
3 5 95.39
3 6 17.37
3 7 78.07
3 8 97.84
3 9 75.91
3 10 70.80
4 5 97.90
4 6 12.81
4 7 46.58
4 8 40.65
4 9 59.87
4 10 37.27
5 6 69.94
5 7 28.10
5 8 55.50
5 9 37.35
5 10 26.05
6 7 82.87
6 8 80.52
6 9 88.96
6 10 62.08
7 8 55.92
7 9 43.03
7 10 28.45
8 9 88.88
8 10 10.49
9 10 56.36
#
1 2 93.92
1 3 83.09
1 4 24.27
1 5 58.26
1 6 78.48
1 7 45.16
1 8 44.85
1 9 76.33
1 10 21.07
2 3 24.17
2 4 82.75
2 5 37.40
2 6 65.75
2 7 23.40
2 8 92.28
2 9 11.54
2 10 96.86
3 4 20.38
3 5 70.56
3 6 34.21
3 7 49.95
3 8 53.43
3 9 14.73
3 10 38.91
4 5 24.04
4 6 74.18
4 7 85.46
4 8 47.49
4 9 63.06
4 10 90.95
5 6 12.37
5 7 65.50
5 8 74.05
5 9 31.64
5 10 32.28
6 7 61.05
6 8 71.80
6 9 80.65
6 10 45.90
7 8 96.40
7 9 99.82
7 10 28.66
8 9 33.80
8 10 74.09
9 10 55.58
#
1 2 34.60
1 3 89.15
1 4 52.45
1 5 58.51
1 6 59.72
1 7 81.66
1 8 16.98
1 9 13.15
1 10 99.92
2 3 59.42
2 4 32.19
2 5 74.10
2 6 44.88
2 7 83.21
2 8 45.68
2 9 35.84
2 10 90.58
3 4 11.18
3 5 18.41
3 6 30.75
3 7 46.99
3 8 82.98
3 9 11.07
3 10 27.64
4 5 28.89
4 6 15.99
4 7 27.47
4 8 52.55
4 9 44.80
4 10 10.08
5 6 16.65
5 7 82.92
5 8 94.24
5 9 64.10
5 10 49.95
6 7 53.96
6 8 54.29
6 9 61.94
6 10 70.63
7 8 62.73
7 9 21.36
7 10 97.83
8 9 45.35
8 10 61.24
9 10 89.56
#
1 2 86.03
1 3 5.60
1 4 88.66
1 5 5.73
1 6 27.53
1 7 19.41
1 8 47.72
1 9 10.52
1 10 25.49
2 3 78.89
2 4 34.41
2 5 36.48
2 6 14.88
2 7 90.48
2 8 84.80
2 9 19.96
2 10 7.13
3 4 76.25
3 5 14.20
3 6 74.76
3 7 26.20
3 8 63.16
3 9 29.05
3 10 91.66
4 5 42.32
4 6 86.78
4 7 13.02
4 8 48.67
4 9 32.13
4 10 77.79
5 6 38.23
5 7 26.68
5 8 78.39
5 9 26.89
5 10 35.93
6 7 14.45
6 8 49.83
6 9 87.18
6 10 19.97
7 8 70.32
7 9 66.07
7 10 57.90
8 9 15.32
8 10 75.95
9 10 48.38
#
1 2 8.65
1 3 99.43
1 4 50.51
1 5 88.42
1 6 13.64
1 7 25.27
1 8 14.62
1 9 80.32
1 10 57.84
2 3 6.29
2 4 22.64
2 5 53.14
2 6 22.83
2 7 66.31
2 8 88.79
2 9 95.62
2 10 99.54
3 4 23.99
3 5 82.54
3 6 34.96
3 7 54.93
3 8 91.99
3 9 79.79
3 10 50.63
4 5 11.96
4 6 50.11
4 7 25.22
4 8 64.86
4 9 68.95
4 10 9.69
5 6 21.76
5 7 81.12
5 8 9.12
5 9 75.79
5 10 69.54
6 7 17.76
6 8 9.59
6 9 87.69
6 10 93.09
7 8 62.43
7 9 88.98
7 10 15.73
8 9 15.58
8 10 20.33
9 10 85.57
#
1 2 12.89
1 3 15.96
1 4 85.11
1 5 31.89
1 6 7.02
1 7 20.07
1 8 81.82
1 9 94.01
1 10 94.86
2 3 32.45
2 4 14.49
2 5 53.49
2 6 61.19
2 7 82.87
2 8 30.97
2 9 65.88
2 10 99.63
3 4 12.09
3 5 70.00
3 6 75.42
3 7 76.64
3 8 82.77
3 9 80.01
3 10 72.85
4 5 84.38
4 6 50.97
4 7 61.83
4 8 95.11
4 9 70.07
4 10 85.68
5 6 89.20
5 7 77.96
5 8 10.16
5 9 74.32
5 10 9.85
6 7 12.18
6 8 97.91
6 9 95.19
6 10 14.71
7 8 6.30
7 9 36.16
7 10 24.20
8 9 63.31
8 10 92.35
9 10 15.59
#
1 2 89.28
1 3 58.23
1 4 15.22
1 5 9.90
1 6 28.24
1 7 94.17
1 8 90.06
1 9 19.53
1 10 82.70
2 3 62.91
2 4 98.91
2 5 33.67
2 6 33.26
2 7 7.54
2 8 98.74
2 9 18.94
2 10 91.75
3 4 76.71
3 5 24.11
3 6 66.07
3 7 90.08
3 8 39.81
3 9 72.50
3 10 85.28
4 5 49.53
4 6 73.80
4 7 21.44
4 8 77.25
4 9 45.64
4 10 22.32
5 6 87.85
5 7 34.92
5 8 75.55
5 9 11.59
5 10 48.34
6 7 12.31
6 8 5.76
6 9 38.40
6 10 26.84
7 8 83.47
7 9 96.31
7 10 25.75
8 9 17.14
8 10 29.57
9 10 28.30
#
1 2 24.41
1 3 52.04
1 4 28.57
1 5 9.64
1 6 71.15
1 7 98.16
1 8 8.24
1 9 19.48
1 10 70.66
2 3 88.52
2 4 64.01
2 5 52.99
2 6 18.49
2 7 41.27
2 8 93.63
2 9 35.81
2 10 37.64
3 4 37.07
3 5 19.88
3 6 44.23
3 7 80.42
3 8 27.20
3 9 45.00
3 10 18.82
4 5 49.04
4 6 36.99
4 7 23.66
4 8 69.80
4 9 57.65
4 10 56.75
5 6 6.62
5 7 77.06
5 8 8.79
5 9 30.19
5 10 90.22
6 7 83.46
6 8 28.35
6 9 93.47
6 10 97.95
7 8 7.53
7 9 90.51
7 10 70.48
8 9 55.52
8 10 9.00
9 10 20.27
#
1 2 57.67
1 3 48.33
1 4 52.91
1 5 98.27
1 6 63.22
1 7 92.15
1 8 78.69
1 9 85.42
1 10 45.67
2 3 6.03
2 4 34.46
2 5 77.66
2 6 24.69
2 7 12.78
2 8 35.31
2 9 76.45
2 10 22.92
3 4 20.90
3 5 88.76
3 6 56.63
3 7 19.64
3 8 72.23
3 9 79.98
3 10 13.11
4 5 78.70
4 6 91.04
4 7 98.63
4 8 49.18
4 9 55.08
4 10 16.15
5 6 64.46
5 7 21.28
5 8 59.49
5 9 25.89
5 10 19.55
6 7 22.71
6 8 18.04
6 9 93.24
6 10 8.13
7 8 67.23
7 9 94.27
7 10 46.11
8 9 53.41
8 10 27.49
9 10 53.90
#
1 2 92.25
1 3 12.46
1 4 80.34
1 5 21.67
1 6 9.74
1 7 36.98
1 8 36.31
1 9 76.97
1 10 25.48
2 3 44.43
2 4 64.19
2 5 16.52
2 6 51.58
2 7 13.38
2 8 75.13
2 9 62.73
2 10 81.36
3 4 91.41
3 5 22.22
3 6 7.25
3 7 10.96
3 8 48.45
3 9 20.30
3 10 99.20
4 5 51.58
4 6 91.05
4 7 6.99
4 8 6.22
4 9 44.47
4 10 38.00
5 6 63.64
5 7 45.24
5 8 53.98
5 9 43.98
5 10 61.91
6 7 58.73
6 8 75.96
6 9 93.22
6 10 44.22
7 8 96.45
7 9 46.17
7 10 8.42
8 9 21.49
8 10 92.75
9 10 16.80
#
1 2 91.62
1 3 55.49
1 4 93.16
1 5 83.03
1 6 81.23
1 7 95.41
1 8 97.51
1 9 29.69
1 10 24.23
2 3 96.71
2 4 84.79
2 5 23.81
2 6 12.23
2 7 86.01
2 8 63.28
2 9 45.23
2 10 49.65
3 4 8.52
3 5 7.74
3 6 88.64
3 7 73.95
3 8 61.47
3 9 73.12
3 10 67.17
4 5 5.69
4 6 78.09
4 7 13.35
4 8 9.11
4 9 8.11
4 10 6.10
5 6 29.43
5 7 94.73
5 8 65.11
5 9 22.59
5 10 86.29
6 7 46.35
6 8 26.53
6 9 83.80
6 10 79.56
7 8 54.28
7 9 89.04
7 10 64.35
8 9 73.09
8 10 9.79
9 10 58.89
#
1 2 44.89
1 3 58.54
1 4 8.54
1 5 56.93
1 6 61.28
1 7 5.70
1 8 30.88
1 9 22.75
1 10 82.35
2 3 93.06
2 4 23.45
2 5 60.44
2 6 14.93
2 7 36.08
2 8 72.07
2 9 16.03
2 10 60.52
3 4 66.81
3 5 84.67
3 6 86.63
3 7 61.62
3 8 39.54
3 9 21.68
3 10 53.94
4 5 19.10
4 6 70.97
4 7 51.50
4 8 86.97
4 9 44.06
4 10 56.29
5 6 45.86
5 7 83.96
5 8 23.36
5 9 49.41
5 10 40.89
6 7 79.64
6 8 58.63
6 9 66.78
6 10 10.92
7 8 40.98
7 9 68.36
7 10 37.89
8 9 9.95
8 10 78.29
9 10 68.97
#
1 2 77.02
1 3 97.84
1 4 38.01
1 5 52.35
1 6 82.51
1 7 24.65
1 8 22.49
1 9 30.57
1 10 41.33
2 3 79.96
2 4 44.67
2 5 12.30
2 6 31.46
2 7 40.17
2 8 59.89
2 9 91.28
2 10 81.03
3 4 43.85
3 5 14.64
3 6 38.96
3 7 88.26
3 8 89.28
3 9 92.60
3 10 63.56
4 5 95.20
4 6 42.10
4 7 31.92
4 8 33.09
4 9 55.57
4 10 10.21
5 6 10.59
5 7 32.60
5 8 8.06
5 9 43.60
5 10 88.47
6 7 94.09
6 8 71.77
6 9 19.49
6 10 24.67
7 8 13.11
7 9 94.45
7 10 72.86
8 9 28.93
8 10 25.91
9 10 13.03
#
1 2 92.34
1 3 17.19
1 4 89.07
1 5 44.71
1 6 35.35
1 7 36.55
1 8 32.98
1 9 24.64
1 10 29.15
2 3 91.54
2 4 28.36
2 5 74.78
2 6 31.99
2 7 64.98
2 8 30.35
2 9 45.72
2 10 70.57
3 4 66.47
3 5 48.78
3 6 14.17
3 7 63.47
3 8 51.40
3 9 80.95
3 10 77.96
4 5 71.07
4 6 97.58
4 7 72.41
4 8 52.45
4 9 35.03
4 10 6.84
5 6 60.49
5 7 27.38
5 8 27.56
5 9 58.08
5 10 67.09
6 7 57.91
6 8 89.63
6 9 8.59
6 10 86.07
7 8 18.79
7 9 8.66
7 10 14.44
8 9 97.09
8 10 35.65
9 10 74.42
#
1 2 35.96
1 3 76.37
1 4 53.51
1 5 10.96
1 6 33.68
1 7 62.68
1 8 69.43
1 9 88.60
1 10 52.15
2 3 55.91
2 4 59.67
2 5 49.73
2 6 36.84
2 7 20.64
2 8 88.29
2 9 47.20
2 10 76.13
3 4 24.19
3 5 69.76
3 6 34.21
3 7 94.80
3 8 36.20
3 9 23.85
3 10 98.40
4 5 22.27
4 6 46.16
4 7 15.58
4 8 40.23
4 9 51.77
4 10 54.75
5 6 23.17
5 7 82.73
5 8 39.64
5 9 71.68
5 10 88.69
6 7 68.32
6 8 42.89
6 9 66.64
6 10 65.44
7 8 90.04
7 9 31.07
7 10 33.63
8 9 48.30
8 10 62.91
9 10 49.28
#
1 2 36.59
1 3 18.64
1 4 25.41
1 5 64.30
1 6 83.40
1 7 63.15
1 8 59.10
1 9 19.60
1 10 82.00
2 3 66.02
2 4 45.40
2 5 36.68
2 6 76.60
2 7 89.15
2 8 83.45
2 9 31.35
2 10 12.33
3 4 66.18
3 5 66.00
3 6 87.53
3 7 63.40
3 8 42.84
3 9 30.42
3 10 38.56
4 5 8.29
4 6 20.47
4 7 73.16
4 8 36.92
4 9 72.29
4 10 44.59
5 6 81.20
5 7 17.40
5 8 58.23
5 9 15.14
5 10 76.70
6 7 41.64
6 8 73.29
6 9 35.80
6 10 64.76
7 8 55.29
7 9 96.83
7 10 18.68
8 9 95.49
8 10 81.95
9 10 7.84
#
1 2 78.94
1 3 13.31
1 4 23.69
1 5 53.64
1 6 82.83
1 7 11.22
1 8 17.04
1 9 34.19
1 10 36.65
2 3 59.13
2 4 37.48
2 5 60.64
2 6 32.29
2 7 77.93
2 8 32.93
2 9 80.40
2 10 59.13
3 4 45.33
3 5 38.64
3 6 77.79
3 7 22.03
3 8 83.80
3 9 51.08
3 10 61.35
4 5 57.08
4 6 14.89
4 7 66.70
4 8 70.77
4 9 10.38
4 10 48.66
5 6 82.13
5 7 84.32
5 8 56.97
5 9 5.82
5 10 46.49
6 7 48.32
6 8 12.04
6 9 67.05
6 10 77.51
7 8 52.21
7 9 26.18
7 10 23.52
8 9 12.85
8 10 61.99
9 10 96.45
#
1 2 40.78
1 3 42.40
1 4 64.10
1 5 89.63
1 6 84.56
1 7 41.90
1 8 20.18
1 9 68.36
1 10 87.98
2 3 76.54
2 4 25.44
2 5 11.40
2 6 43.24
2 7 99.73
2 8 16.78
2 9 86.90
2 10 81.86
3 4 9.63
3 5 52.39
3 6 82.68
3 7 51.12
3 8 9.23
3 9 98.25
3 10 26.69
4 5 81.75
4 6 50.46
4 7 47.88
4 8 5.27
4 9 58.32
4 10 18.39
5 6 10.24
5 7 7.62
5 8 64.31
5 9 69.34
5 10 92.26
6 7 48.87
6 8 11.24
6 9 12.44
6 10 25.75
7 8 7.75
7 9 92.50
7 10 46.20
8 9 14.15
8 10 44.27
9 10 45.93
#
1 2 34.45
1 3 39.69
1 4 36.32
1 5 47.60
1 6 95.61
1 7 19.00
1 8 7.24
1 9 99.84
1 10 25.77
2 3 28.94
2 4 90.11
2 5 71.24
2 6 80.34
2 7 90.38
2 8 38.08
2 9 7.25
2 10 95.62
3 4 40.70
3 5 66.57
3 6 73.49
3 7 41.48
3 8 15.44
3 9 79.73
3 10 57.45
4 5 44.72
4 6 91.00
4 7 49.95
4 8 85.92
4 9 13.67
4 10 97.74
5 6 40.37
5 7 51.65
5 8 37.44
5 9 71.69
5 10 94.25
6 7 33.05
6 8 94.22
6 9 10.02
6 10 41.41
7 8 19.99
7 9 42.48
7 10 31.53
8 9 94.75
8 10 22.82
9 10 30.43
#
1 2 32.83
1 3 25.07
1 4 34.58
1 5 77.06
1 6 95.16
1 7 8.07
1 8 27.06
1 9 19.13
1 10 91.32
2 3 79.51
2 4 58.85
2 5 82.33
2 6 37.99
2 7 44.77
2 8 91.00
2 9 35.73
2 10 88.66
3 4 51.17
3 5 76.69
3 6 68.88
3 7 45.43
3 8 18.26
3 9 71.62
3 10 58.97
4 5 54.68
4 6 95.13
4 7 96.45
4 8 81.21
4 9 89.89
4 10 27.79
5 6 20.16
5 7 31.24
5 8 47.86
5 9 49.74
5 10 16.82
6 7 43.03
6 8 52.81
6 9 38.89
6 10 65.68
7 8 52.66
7 9 26.92
7 10 24.53
8 9 34.99
8 10 59.91
9 10 72.82
#
1 2 34.51
1 3 99.17
1 4 61.48
1 5 80.69
1 6 75.86
1 7 38.88
1 8 34.64
1 9 89.13
1 10 10.50
2 3 88.61
2 4 52.33
2 5 14.16
2 6 93.58
2 7 33.54
2 8 12.57
2 9 21.37
2 10 48.70
3 4 47.33
3 5 72.75
3 6 6.97
3 7 59.16
3 8 24.30
3 9 63.30
3 10 93.05
4 5 84.98
4 6 15.96
4 7 28.49
4 8 9.51
4 9 54.47
4 10 83.41
5 6 77.33
5 7 92.51
5 8 91.10
5 9 47.34
5 10 73.20
6 7 75.48
6 8 81.22
6 9 16.36
6 10 73.13
7 8 95.25
7 9 13.49
7 10 25.46
8 9 9.41
8 10 7.07
9 10 62.52
#
1 2 25.50
1 3 23.44
1 4 19.75
1 5 67.83
1 6 99.71
1 7 21.72
1 8 26.99
1 9 24.02
1 10 80.02
2 3 28.56
2 4 9.00
2 5 99.51
2 6 52.06
2 7 13.52
2 8 53.98
2 9 43.99
2 10 94.37
3 4 46.49
3 5 35.09
3 6 41.71
3 7 28.21
3 8 10.57
3 9 31.46
3 10 39.57
4 5 78.71
4 6 26.71
4 7 48.06
4 8 99.17
4 9 39.64
4 10 58.65
5 6 70.22
5 7 68.66
5 8 85.61
5 9 84.97
5 10 36.49
6 7 85.33
6 8 6.69
6 9 58.49
6 10 9.35
7 8 90.23
7 9 90.57
7 10 13.35
8 9 89.74
8 10 42.63
9 10 21.87
#
1 2 43.73
1 3 90.14
1 4 24.77
1 5 85.22
1 6 25.23
1 7 61.48
1 8 13.44
1 9 39.33
1 10 87.94
2 3 56.53
2 4 18.04
2 5 23.17
2 6 13.12
2 7 25.73
2 8 66.33
2 9 66.77
2 10 90.95
3 4 34.99
3 5 52.39
3 6 75.92
3 7 66.49
3 8 37.72
3 9 86.13
3 10 33.50
4 5 42.07
4 6 76.37
4 7 32.59
4 8 58.94
4 9 66.11
4 10 78.75
5 6 84.34
5 7 9.84
5 8 68.89
5 9 9.11
5 10 98.59
6 7 97.65
6 8 65.59
6 9 20.55
6 10 36.98
7 8 62.06
7 9 72.08
7 10 58.54
8 9 88.75
8 10 88.72
9 10 79.27
#
1 2 55.09
1 3 55.50
1 4 78.75
1 5 93.60
1 6 7.89
1 7 63.19
1 8 68.61
1 9 49.13
1 10 49.33
2 3 10.63
2 4 86.20
2 5 25.70
2 6 38.23
2 7 45.14
2 8 95.33
2 9 16.98
2 10 29.48
3 4 13.70
3 5 89.39
3 6 42.11
3 7 12.29
3 8 87.04
3 9 7.71
3 10 36.36
4 5 24.02
4 6 73.29
4 7 16.96
4 8 86.08
4 9 62.04
4 10 5.69
5 6 65.36
5 7 17.13
5 8 56.19
5 9 52.63
5 10 10.74
6 7 67.60
6 8 24.34
6 9 82.87
6 10 16.73
7 8 68.67
7 9 88.51
7 10 11.45
8 9 97.89
8 10 35.26
9 10 60.11
#
1 2 6.75
1 3 47.24
1 4 93.12
1 5 15.45
1 6 45.15
1 7 35.23
1 8 22.74
1 9 32.20
1 10 46.46
2 3 62.62
2 4 59.74
2 5 19.75
2 6 74.58
2 7 45.83
2 8 76.80
2 9 75.27
2 10 19.71
3 4 97.45
3 5 39.98
3 6 75.86
3 7 16.71
3 8 7.58
3 9 95.20
3 10 94.59
4 5 27.83
4 6 72.40
4 7 83.10
4 8 42.80
4 9 70.29
4 10 18.36
5 6 11.44
5 7 72.04
5 8 69.12
5 9 99.56
5 10 82.49
6 7 22.79
6 8 43.31
6 9 13.75
6 10 49.99
7 8 84.78
7 9 79.89
7 10 18.26
8 9 99.53
8 10 54.48
9 10 67.61
#
1 2 84.85
1 3 38.27
1 4 82.32
1 5 82.31
1 6 73.26
1 7 66.70
1 8 94.02
1 9 84.36
1 10 61.90
2 3 88.61
2 4 12.20
2 5 34.30
2 6 80.23
2 7 58.52
2 8 13.12
2 9 7.11
2 10 64.96
3 4 88.68
3 5 79.75
3 6 64.52
3 7 79.70
3 8 97.55
3 9 16.36
3 10 88.45
4 5 56.06
4 6 96.14
4 7 76.87
4 8 69.32
4 9 9.19
4 10 31.35
5 6 36.93
5 7 89.05
5 8 64.62
5 9 27.77
5 10 79.88
6 7 37.88
6 8 89.47
6 9 73.90
6 10 30.77
7 8 51.38
7 9 71.04
7 10 46.49
8 9 89.20
8 10 59.79
9 10 5.01
#
1 2 97.32
1 3 61.91
1 4 64.98
1 5 86.01
1 6 41.66
1 7 38.02
1 8 65.71
1 9 47.73
1 10 49.38
2 3 62.68
2 4 98.80
2 5 54.04
2 6 39.55
2 7 68.12
2 8 66.76
2 9 74.42
2 10 13.58
3 4 64.33
3 5 39.05
3 6 36.35
3 7 44.21
3 8 80.45
3 9 25.83
3 10 26.63
4 5 19.74
4 6 80.73
4 7 92.67
4 8 61.23
4 9 69.93
4 10 52.47
5 6 61.25
5 7 75.78
5 8 22.90
5 9 34.75
5 10 70.31
6 7 68.08
6 8 76.29
6 9 36.02
6 10 15.82
7 8 25.68
7 9 7.22
7 10 14.62
8 9 83.24
8 10 50.30
9 10 86.26
#
1 2 50.00
1 3 24.72
1 4 94.84
1 5 22.85
1 6 67.29
1 7 31.20
1 8 62.06
1 9 56.27
1 10 60.55
2 3 83.70
2 4 71.01
2 5 41.28
2 6 84.89
2 7 32.25
2 8 19.73
2 9 45.88
2 10 97.02
3 4 90.51
3 5 72.30
3 6 31.77
3 7 60.82
3 8 40.39
3 9 8.06
3 10 5.36
4 5 59.73
4 6 37.26
4 7 16.11
4 8 69.35
4 9 29.03
4 10 69.93
5 6 55.61
5 7 82.55
5 8 89.65
5 9 50.46
5 10 5.41
6 7 65.47
6 8 85.18
6 9 62.47
6 10 21.74
7 8 45.73
7 9 54.69
7 10 96.27
8 9 90.53
8 10 39.59
9 10 28.52
#
1 2 10.26
1 3 88.99
1 4 34.06
1 5 9.30
1 6 61.30
1 7 60.83
1 8 73.64
1 9 10.21
1 10 72.42
2 3 82.53
2 4 64.94
2 5 18.20
2 6 93.64
2 7 42.81
2 8 42.23
2 9 72.09
2 10 93.42
3 4 24.79
3 5 70.26
3 6 52.40
3 7 25.20
3 8 35.73
3 9 46.10
3 10 91.19
4 5 60.99
4 6 86.83
4 7 45.89
4 8 57.27
4 9 77.36
4 10 89.00
5 6 89.31
5 7 91.15
5 8 86.51
5 9 23.38
5 10 95.45
6 7 47.81
6 8 87.73
6 9 69.09
6 10 61.54
7 8 60.15
7 9 51.62
7 10 26.48
8 9 73.36
8 10 53.78
9 10 64.29
#
1 2 15.59
1 3 25.87
1 4 66.24
1 5 43.90
1 6 91.14
1 7 27.16
1 8 64.10
1 9 35.39
1 10 68.27
2 3 55.30
2 4 91.39
2 5 63.62
2 6 9.71
2 7 57.18
2 8 49.51
2 9 93.71
2 10 55.01
3 4 40.66
3 5 80.22
3 6 73.39
3 7 36.11
3 8 36.56
3 9 69.65
3 10 13.72
4 5 93.10
4 6 29.80
4 7 60.35
4 8 28.11
4 9 11.68
4 10 22.65
5 6 95.92
5 7 30.80
5 8 43.53
5 9 70.68
5 10 69.70
6 7 43.19
6 8 6.37
6 9 42.33
6 10 73.58
7 8 78.16
7 9 6.15
7 10 73.49
8 9 41.78
8 10 10.86
9 10 39.19
#
1 2 94.81
1 3 13.09
1 4 89.21
1 5 35.47
1 6 96.83
1 7 71.12
1 8 66.58
1 9 33.39
1 10 40.77
2 3 75.31
2 4 35.02
2 5 74.10
2 6 44.18
2 7 66.65
2 8 89.30
2 9 61.83
2 10 62.57
3 4 20.10
3 5 13.88
3 6 41.78
3 7 93.33
3 8 60.59
3 9 43.15
3 10 35.66
4 5 42.70
4 6 29.83
4 7 36.81
4 8 24.71
4 9 66.61
4 10 51.19
5 6 58.91
5 7 69.95
5 8 59.28
5 9 56.64
5 10 5.42
6 7 56.11
6 8 27.76
6 9 75.53
6 10 93.03
7 8 72.06
7 9 59.36
7 10 28.05
8 9 54.68
8 10 12.06
9 10 89.70
#
1 2 43.98
1 3 77.41
1 4 60.79
1 5 67.61
1 6 94.82
1 7 11.09
1 8 60.94
1 9 55.41
1 10 49.24
2 3 91.60
2 4 6.63
2 5 82.59
2 6 36.93
2 7 26.35
2 8 57.73
2 9 83.12
2 10 80.26
3 4 27.68
3 5 42.40
3 6 45.42
3 7 28.10
3 8 7.03
3 9 68.18
3 10 12.15
4 5 95.06
4 6 48.76
4 7 66.51
4 8 23.11
4 9 11.96
4 10 73.57
5 6 21.33
5 7 50.95
5 8 59.51
5 9 85.65
5 10 18.56
6 7 54.33
6 8 91.74
6 9 83.02
6 10 9.74
7 8 49.51
7 9 74.62
7 10 11.38
8 9 32.10
8 10 20.07
9 10 41.25
#
1 2 84.83
1 3 98.19
1 4 21.51
1 5 12.51
1 6 49.11
1 7 61.93
1 8 44.14
1 9 51.14
1 10 38.63
2 3 51.29
2 4 46.21
2 5 90.92
2 6 26.33
2 7 72.84
2 8 97.88
2 9 8.42
2 10 97.70
3 4 57.35
3 5 62.93
3 6 83.35
3 7 79.43
3 8 17.26
3 9 83.61
3 10 62.45
4 5 30.53
4 6 41.64
4 7 45.59
4 8 36.91
4 9 68.75
4 10 69.18
5 6 73.16
5 7 62.10
5 8 67.37
5 9 98.19
5 10 78.14
6 7 25.00
6 8 68.64
6 9 22.28
6 10 71.15
7 8 15.79
7 9 77.09
7 10 25.88
8 9 6.71
8 10 98.42
9 10 93.72
#
1 2 13.12
1 3 6.85
1 4 99.94
1 5 73.99
1 6 64.78
1 7 83.29
1 8 61.95
1 9 85.57
1 10 75.43
2 3 32.92
2 4 16.10
2 5 17.07
2 6 82.04
2 7 48.01
2 8 89.34
2 9 51.22
2 10 29.69
3 4 51.45
3 5 18.60
3 6 36.40
3 7 38.11
3 8 38.60
3 9 5.04
3 10 55.39
4 5 18.27
4 6 24.35
4 7 41.00
4 8 39.15
4 9 34.59
4 10 39.43
5 6 41.40
5 7 42.71
5 8 49.80
5 9 41.34
5 10 25.22
6 7 23.10
6 8 33.16
6 9 82.17
6 10 8.67
7 8 17.11
7 9 23.62
7 10 19.77
8 9 29.18
8 10 5.66
9 10 62.78
#
1 2 27.05
1 3 51.88
1 4 95.99
1 5 82.02
1 6 74.00
1 7 32.39
1 8 20.13
1 9 21.13
1 10 40.95
2 3 79.04
2 4 34.40
2 5 60.31
2 6 20.04
2 7 77.08
2 8 89.90
2 9 54.47
2 10 27.00
3 4 41.13
3 5 12.79
3 6 71.86
3 7 69.87
3 8 30.90
3 9 13.54
3 10 60.57
4 5 34.57
4 6 25.65
4 7 79.19
4 8 49.35
4 9 58.36
4 10 79.85
5 6 20.65
5 7 80.41
5 8 31.73
5 9 16.65
5 10 62.43
6 7 14.26
6 8 52.56
6 9 86.08
6 10 30.39
7 8 97.04
7 9 65.12
7 10 59.79
8 9 57.35
8 10 80.16
9 10 45.39
#
1 2 55.77
1 3 43.16
1 4 67.39
1 5 5.42
1 6 50.95
1 7 39.26
1 8 70.29
1 9 76.85
1 10 47.80
2 3 30.86
2 4 11.43
2 5 76.98
2 6 10.05
2 7 55.78
2 8 35.34
2 9 93.42
2 10 71.43
3 4 24.27
3 5 33.68
3 6 91.60
3 7 90.22
3 8 42.94
3 9 44.17
3 10 76.30
4 5 68.33
4 6 41.21
4 7 41.42
4 8 28.12
4 9 7.08
4 10 30.10
5 6 77.04
5 7 57.85
5 8 68.26
5 9 44.43
5 10 66.79
6 7 27.74
6 8 87.21
6 9 37.08
6 10 99.59
7 8 35.02
7 9 62.95
7 10 19.54
8 9 12.00
8 10 76.52
9 10 70.32
#
1 2 50.86
1 3 69.95
1 4 50.28
1 5 70.13
1 6 98.63
1 7 50.40
1 8 60.35
1 9 41.57
1 10 98.09
2 3 36.65
2 4 9.90
2 5 47.82
2 6 81.59
2 7 41.54
2 8 49.90
2 9 11.69
2 10 18.58
3 4 16.27
3 5 83.48
3 6 66.54
3 7 78.06
3 8 11.22
3 9 53.75
3 10 23.67
4 5 10.81
4 6 92.29
4 7 81.62
4 8 25.36
4 9 12.81
4 10 66.66
5 6 99.20
5 7 58.67
5 8 36.61
5 9 58.00
5 10 28.80
6 7 43.76
6 8 8.41
6 9 92.67
6 10 88.85
7 8 6.50
7 9 29.32
7 10 93.75
8 9 49.33
8 10 10.91
9 10 43.82
#
1 2 7.75
1 3 26.13
1 4 65.92
1 5 27.55
1 6 9.61
1 7 32.46
1 8 14.13
1 9 15.83
1 10 89.74
2 3 32.80
2 4 30.16
2 5 82.03
2 6 22.94
2 7 50.52
2 8 98.37
2 9 84.61
2 10 58.25
3 4 57.04
3 5 29.74
3 6 16.25
3 7 89.37
3 8 68.51
3 9 28.18
3 10 82.04
4 5 57.36
4 6 29.69
4 7 19.89
4 8 59.64
4 9 82.54
4 10 34.32
5 6 11.98
5 7 93.81
5 8 55.45
5 9 72.90
5 10 21.36
6 7 68.58
6 8 13.89
6 9 30.50
6 10 79.41
7 8 98.63
7 9 58.30
7 10 18.10
8 9 89.18
8 10 76.25
9 10 72.14
#
1 2 87.55
1 3 69.38
1 4 30.39
1 5 44.60
1 6 94.12
1 7 50.17
1 8 42.49
1 9 71.15
1 10 73.35
2 3 33.05
2 4 28.52
2 5 11.56
2 6 47.94
2 7 91.68
2 8 97.62
2 9 77.27
2 10 12.18
3 4 91.44
3 5 41.24
3 6 80.08
3 7 21.32
3 8 9.83
3 9 97.49
3 10 46.82
4 5 92.76
4 6 96.12
4 7 13.65
4 8 10.86
4 9 85.31
4 10 93.42
5 6 78.01
5 7 81.38
5 8 62.80
5 9 16.92
5 10 34.50
6 7 65.44
6 8 62.09
6 9 71.99
6 10 36.60
7 8 43.97
7 9 5.05
7 10 68.64
8 9 50.53
8 10 56.51
9 10 60.32
#
1 2 48.16
1 3 33.78
1 4 76.02
1 5 48.12
1 6 78.55
1 7 56.10
1 8 64.44
1 9 91.90
1 10 53.60
2 3 19.79
2 4 84.66
2 5 58.24
2 6 36.96
2 7 99.05
2 8 52.07
2 9 30.38
2 10 85.58
3 4 33.46
3 5 96.70
3 6 97.50
3 7 62.96
3 8 62.14
3 9 59.60
3 10 43.48
4 5 93.74
4 6 98.57
4 7 52.05
4 8 62.38
4 9 57.62
4 10 8.56
5 6 31.22
5 7 14.30
5 8 37.35
5 9 7.24
5 10 57.42
6 7 24.42
6 8 66.87
6 9 30.39
6 10 16.32
7 8 28.99
7 9 45.18
7 10 95.98
8 9 82.23
8 10 85.66
9 10 8.55
#
1 2 42.83
1 3 16.04
1 4 89.13
1 5 79.81
1 6 21.26
1 7 86.64
1 8 51.29
1 9 78.40
1 10 54.76
2 3 89.77
2 4 80.67
2 5 61.85
2 6 41.82
2 7 51.57
2 8 19.47
2 9 45.39
2 10 77.80
3 4 28.78
3 5 86.26
3 6 88.56
3 7 89.72
3 8 19.20
3 9 55.43
3 10 20.11
4 5 30.52
4 6 79.42
4 7 68.81
4 8 35.02
4 9 70.18
4 10 54.47
5 6 38.58
5 7 21.53
5 8 74.03
5 9 27.71
5 10 96.34
6 7 98.81
6 8 14.35
6 9 47.63
6 10 85.74
7 8 72.63
7 9 45.93
7 10 66.41
8 9 34.48
8 10 91.27
9 10 17.98
#
1 2 48.96
1 3 45.18
1 4 99.30
1 5 81.26
1 6 39.96
1 7 87.87
1 8 70.98
1 9 54.16
1 10 43.30
2 3 94.62
2 4 79.68
2 5 31.25
2 6 71.95
2 7 14.71
2 8 9.95
2 9 34.95
2 10 48.29
3 4 26.48
3 5 8.98
3 6 79.52
3 7 31.34
3 8 16.32
3 9 88.88
3 10 73.97
4 5 97.06
4 6 61.51
4 7 28.42
4 8 63.47
4 9 99.52
4 10 19.70
5 6 84.97
5 7 48.48
5 8 59.88
5 9 84.28
5 10 29.74
6 7 94.85
6 8 72.15
6 9 9.24
6 10 49.01
7 8 23.97
7 9 98.86
7 10 37.22
8 9 50.22
8 10 79.34
9 10 55.45
#
1 2 55.17
1 3 14.29
1 4 98.74
1 5 85.17
1 6 26.79
1 7 86.78
1 8 16.51
1 9 38.11
1 10 75.66
2 3 94.01
2 4 35.17
2 5 45.70
2 6 22.43
2 7 93.64
2 8 53.74
2 9 37.13
2 10 78.62
3 4 97.22
3 5 5.54
3 6 62.90
3 7 35.48
3 8 8.91
3 9 43.57
3 10 39.72
4 5 61.44
4 6 62.54
4 7 47.11
4 8 93.66
4 9 12.77
4 10 26.45
5 6 49.11
5 7 71.46
5 8 44.26
5 9 56.37
5 10 56.64
6 7 66.05
6 8 43.16
6 9 76.67
6 10 99.17
7 8 27.34
7 9 70.68
7 10 34.34
8 9 76.56
8 10 88.12
9 10 36.51
#
1 2 30.30
1 3 33.77
1 4 23.65
1 5 36.04
1 6 42.83
1 7 90.07
1 8 66.52
1 9 46.74
1 10 33.64
2 3 14.77
2 4 8.19
2 5 99.70
2 6 56.88
2 7 10.37
2 8 12.47
2 9 86.85
2 10 63.01
3 4 87.46
3 5 31.11
3 6 19.38
3 7 52.62
3 8 5.68
3 9 66.06
3 10 29.29
4 5 99.85
4 6 96.93
4 7 8.50
4 8 42.72
4 9 73.49
4 10 91.62
5 6 82.75
5 7 12.32
5 8 33.91
5 9 6.40
5 10 43.36
6 7 71.75
6 8 91.47
6 9 9.89
6 10 18.49
7 8 33.63
7 9 19.66
7 10 30.20
8 9 33.33
8 10 80.06
9 10 44.10
#
1 2 49.33
1 3 75.43
1 4 7.11
1 5 45.31
1 6 15.06
1 7 30.01
1 8 92.93
1 9 24.26
1 10 91.08
2 3 30.74
2 4 24.12
2 5 88.01
2 6 34.24
2 7 70.36
2 8 70.02
2 9 25.86
2 10 53.11
3 4 77.34
3 5 63.30
3 6 54.51
3 7 20.71
3 8 35.05
3 9 54.50
3 10 34.12
4 5 57.06
4 6 91.65
4 7 57.30
4 8 90.79
4 9 24.98
4 10 45.88
5 6 34.89
5 7 77.83
5 8 29.83
5 9 37.00
5 10 23.14
6 7 48.41
6 8 62.01
6 9 16.07
6 10 67.67
7 8 61.61
7 9 41.82
7 10 86.79
8 9 58.14
8 10 71.06
9 10 65.67
#
1 2 28.17
1 3 5.45
1 4 18.78
1 5 14.03
1 6 72.27
1 7 76.81
1 8 38.26
1 9 7.32
1 10 39.83
2 3 67.38
2 4 67.90
2 5 31.48
2 6 33.20
2 7 67.21
2 8 59.99
2 9 74.08
2 10 97.10
3 4 37.82
3 5 12.43
3 6 42.62
3 7 64.49
3 8 55.84
3 9 13.16
3 10 84.08
4 5 23.52
4 6 69.77
4 7 25.90
4 8 18.83
4 9 36.44
4 10 5.49
5 6 79.51
5 7 59.61
5 8 14.46
5 9 6.81
5 10 68.64
6 7 81.73
6 8 78.63
6 9 6.91
6 10 92.57
7 8 26.98
7 9 77.81
7 10 68.99
8 9 53.47
8 10 11.02
9 10 36.21
#
1 2 13.46
1 3 88.62
1 4 41.83
1 5 54.80
1 6 9.58
1 7 79.46
1 8 19.29
1 9 60.42
1 10 87.62
2 3 98.38
2 4 87.46
2 5 65.91
2 6 32.80
2 7 14.82
2 8 97.35
2 9 41.81
2 10 97.85
3 4 65.48
3 5 59.79
3 6 99.66
3 7 42.65
3 8 50.04
3 9 86.81
3 10 44.56
4 5 51.13
4 6 13.80
4 7 30.89
4 8 28.65
4 9 62.27
4 10 45.43
5 6 59.86
5 7 79.25
5 8 42.58
5 9 96.69
5 10 42.57
6 7 47.16
6 8 84.67
6 9 56.87
6 10 16.10
7 8 80.81
7 9 63.77
7 10 98.57
8 9 46.73
8 10 5.09
9 10 21.91
#
1 2 52.60
1 3 50.43
1 4 19.76
1 5 18.09
1 6 18.74
1 7 19.42
1 8 55.74
1 9 63.79
1 10 14.76
2 3 8.82
2 4 23.44
2 5 23.56
2 6 43.23
2 7 47.09
2 8 89.35
2 9 83.67
2 10 15.47
3 4 68.60
3 5 26.25
3 6 20.69
3 7 19.69
3 8 76.93
3 9 5.36
3 10 71.56
4 5 96.55
4 6 81.18
4 7 43.85
4 8 95.12
4 9 36.43
4 10 52.47
5 6 17.03
5 7 92.55
5 8 11.42
5 9 40.31
5 10 10.64
6 7 25.16
6 8 54.74
6 9 69.90
6 10 92.47
7 8 64.50
7 9 82.24
7 10 24.44
8 9 91.58
8 10 25.48
9 10 66.53
#
1 2 80.93
1 3 17.67
1 4 85.53
1 5 58.05
1 6 47.44
1 7 6.22
1 8 72.74
1 9 24.37
1 10 15.10
2 3 52.83
2 4 20.92
2 5 91.28
2 6 5.20
2 7 24.57
2 8 36.23
2 9 52.67
2 10 45.12
3 4 28.79
3 5 67.61
3 6 80.44
3 7 42.95
3 8 87.78
3 9 43.70
3 10 12.86
4 5 88.77
4 6 8.20
4 7 98.62
4 8 13.21
4 9 8.30
4 10 24.10
5 6 83.27
5 7 84.23
5 8 36.77
5 9 68.80
5 10 42.28
6 7 79.21
6 8 78.54
6 9 15.02
6 10 12.10
7 8 88.64
7 9 71.37
7 10 36.55
8 9 88.45
8 10 71.58
9 10 56.12
#
1 2 24.68
1 3 32.77
1 4 9.76
1 5 56.99
1 6 95.39
1 7 93.72
1 8 94.95
1 9 91.69
1 10 37.42
2 3 16.33
2 4 80.46
2 5 49.14
2 6 14.95
2 7 97.20
2 8 52.44
2 9 34.06
2 10 88.99
3 4 36.67
3 5 74.35
3 6 66.31
3 7 82.47
3 8 62.09
3 9 44.85
3 10 6.02
4 5 69.19
4 6 33.49
4 7 72.39
4 8 5.74
4 9 21.94
4 10 43.97
5 6 65.38
5 7 50.15
5 8 71.75
5 9 78.67
5 10 7.14
6 7 75.66
6 8 72.39
6 9 97.09
6 10 67.35
7 8 9.82
7 9 21.94
7 10 56.33
8 9 62.48
8 10 31.90
9 10 62.05
#
1 2 14.93
1 3 69.48
1 4 59.56
1 5 55.12
1 6 43.83
1 7 25.87
1 8 46.12
1 9 5.92
1 10 74.24
2 3 47.14
2 4 78.64
2 5 16.26
2 6 19.53
2 7 87.90
2 8 33.20
2 9 67.03
2 10 53.29
3 4 86.87
3 5 47.30
3 6 40.48
3 7 97.54
3 8 31.48
3 9 12.87
3 10 94.63
4 5 93.83
4 6 26.21
4 7 25.10
4 8 58.68
4 9 83.70
4 10 52.00
5 6 20.74
5 7 7.15
5 8 21.48
5 9 75.30
5 10 65.79
6 7 68.83
6 8 9.70
6 9 11.91
6 10 69.76
7 8 78.94
7 9 54.05
7 10 56.92
8 9 90.20
8 10 77.11
9 10 44.82
#
1 2 31.93
1 3 52.66
1 4 6.63
1 5 27.32
1 6 94.96
1 7 42.11
1 8 24.86
1 9 26.44
1 10 58.51
2 3 28.02
2 4 28.79
2 5 88.24
2 6 48.12
2 7 82.47
2 8 71.94
2 9 95.12
2 10 11.73
3 4 82.61
3 5 25.12
3 6 90.56
3 7 48.41
3 8 88.95
3 9 95.26
3 10 55.32
4 5 67.23
4 6 82.72
4 7 9.38
4 8 32.67
4 9 81.45
4 10 90.01
5 6 72.50
5 7 21.90
5 8 42.67
5 9 82.65
5 10 44.22
6 7 46.15
6 8 33.29
6 9 64.09
6 10 76.11
7 8 86.80
7 9 87.11
7 10 99.90
8 9 75.04
8 10 43.75
9 10 90.89
#
1 2 55.51
1 3 47.39
1 4 97.63
1 5 38.12
1 6 67.51
1 7 96.71
1 8 90.05
1 9 64.98
1 10 91.97
2 3 45.38
2 4 32.22
2 5 83.21
2 6 58.28
2 7 59.89
2 8 64.66
2 9 48.29
2 10 40.91
3 4 81.56
3 5 85.96
3 6 32.09
3 7 34.31
3 8 32.11
3 9 60.38
3 10 93.40
4 5 8.22
4 6 55.70
4 7 89.03
4 8 16.64
4 9 39.26
4 10 41.30
5 6 7.53
5 7 89.77
5 8 83.69
5 9 13.68
5 10 36.42
6 7 59.72
6 8 10.39
6 9 26.47
6 10 24.70
7 8 10.88
7 9 75.37
7 10 60.44
8 9 97.62
8 10 33.65
9 10 28.86
#
1 2 62.28
1 3 76.94
1 4 64.77
1 5 52.37
1 6 71.42
1 7 91.86
1 8 81.68
1 9 98.53
1 10 60.76
2 3 83.60
2 4 15.27
2 5 16.46
2 6 81.15
2 7 26.91
2 8 50.73
2 9 22.45
2 10 37.97
3 4 40.50
3 5 14.66
3 6 55.17
3 7 80.44
3 8 69.38
3 9 69.09
3 10 15.44
4 5 89.08
4 6 74.97
4 7 85.81
4 8 49.53
4 9 81.11
4 10 27.99
5 6 73.39
5 7 43.40
5 8 13.45
5 9 46.68
5 10 99.29
6 7 79.88
6 8 38.55
6 9 89.49
6 10 86.93
7 8 7.83
7 9 73.09
7 10 97.21
8 9 19.30
8 10 62.76
9 10 32.64
#
1 2 65.03
1 3 80.21
1 4 65.61
1 5 14.05
1 6 98.39
1 7 29.31
1 8 98.02
1 9 67.77
1 10 93.40
2 3 13.46
2 4 56.85
2 5 76.89
2 6 7.79
2 7 14.90
2 8 58.01
2 9 39.30
2 10 83.29
3 4 9.93
3 5 47.76
3 6 38.50
3 7 9.22
3 8 27.64
3 9 80.57
3 10 93.71
4 5 14.57
4 6 83.40
4 7 75.32
4 8 20.30
4 9 97.70
4 10 38.08
5 6 47.95
5 7 71.25
5 8 26.81
5 9 22.08
5 10 80.31
6 7 25.20
6 8 46.39
6 9 78.33
6 10 87.97
7 8 39.79
7 9 95.31
7 10 53.34
8 9 16.69
8 10 98.10
9 10 63.25
#
1 2 78.22
1 3 45.93
1 4 55.06
1 5 83.15
1 6 88.69
1 7 88.56
1 8 87.37
1 9 24.85
1 10 77.65
2 3 89.60
2 4 42.94
2 5 61.06
2 6 64.92
2 7 58.25
2 8 67.28
2 9 98.00
2 10 14.72
3 4 38.54
3 5 24.81
3 6 31.80
3 7 18.85
3 8 45.01
3 9 81.72
3 10 5.70
4 5 41.50
4 6 30.03
4 7 96.01
4 8 89.84
4 9 41.72
4 10 7.63
5 6 61.61
5 7 28.46
5 8 48.56
5 9 16.68
5 10 11.61
6 7 37.25
6 8 13.76
6 9 93.98
6 10 65.62
7 8 86.42
7 9 83.58
7 10 8.57
8 9 56.00
8 10 48.50
9 10 70.34
#
1 2 23.28
1 3 55.02
1 4 88.58
1 5 56.82
1 6 74.83
1 7 20.38
1 8 70.67
1 9 28.36
1 10 10.62
2 3 79.89
2 4 64.86
2 5 35.66
2 6 75.90
2 7 54.71
2 8 80.90
2 9 78.54
2 10 16.32
3 4 9.37
3 5 35.62
3 6 36.52
3 7 15.98
3 8 76.40
3 9 53.81
3 10 18.49
4 5 42.02
4 6 40.23
4 7 10.59
4 8 54.11
4 9 99.75
4 10 62.62
5 6 24.45
5 7 23.03
5 8 17.64
5 9 13.03
5 10 74.86
6 7 96.00
6 8 36.94
6 9 54.05
6 10 24.36
7 8 51.08
7 9 33.95
7 10 92.75
8 9 81.74
8 10 18.37
9 10 55.98
#
1 2 71.17
1 3 91.91
1 4 75.82
1 5 75.54
1 6 36.06
1 7 12.35
1 8 95.04
1 9 12.46
1 10 69.68
2 3 22.05
2 4 58.00
2 5 18.43
2 6 36.17
2 7 12.12
2 8 18.18
2 9 93.79
2 10 40.09
3 4 36.21
3 5 19.95
3 6 56.65
3 7 19.59
3 8 15.95
3 9 97.11
3 10 77.17
4 5 43.84
4 6 48.19
4 7 11.12
4 8 36.59
4 9 38.46
4 10 33.01
5 6 96.09
5 7 9.63
5 8 33.45
5 9 71.91
5 10 88.69
6 7 64.51
6 8 87.78
6 9 92.25
6 10 71.97
7 8 57.46
7 9 14.31
7 10 29.97
8 9 70.89
8 10 45.48
9 10 45.61
#
1 2 84.07
1 3 47.79
1 4 80.71
1 5 28.81
1 6 62.74
1 7 37.36
1 8 43.40
1 9 82.22
1 10 34.47
2 3 29.09
2 4 34.58
2 5 86.18
2 6 43.73
2 7 74.69
2 8 24.64
2 9 71.75
2 10 70.78
3 4 29.27
3 5 5.20
3 6 42.69
3 7 26.48
3 8 64.71
3 9 39.00
3 10 18.74
4 5 45.20
4 6 99.98
4 7 36.57
4 8 78.69
4 9 70.88
4 10 85.57
5 6 24.31
5 7 63.47
5 8 33.36
5 9 13.54
5 10 87.28
6 7 99.62
6 8 45.90
6 9 39.21
6 10 81.84
7 8 83.89
7 9 63.30
7 10 24.94
8 9 70.07
8 10 15.56
9 10 94.63
#
1 2 98.24
1 3 82.31
1 4 65.41
1 5 27.51
1 6 82.51
1 7 16.63
1 8 49.00
1 9 47.22
1 10 59.15
2 3 71.26
2 4 95.94
2 5 59.13
2 6 7.83
2 7 74.63
2 8 30.01
2 9 88.40
2 10 93.94
3 4 97.01
3 5 21.76
3 6 7.48
3 7 92.81
3 8 29.90
3 9 56.90
3 10 40.54
4 5 20.27
4 6 49.31
4 7 12.37
4 8 40.21
4 9 27.91
4 10 22.93
5 6 34.85
5 7 26.15
5 8 5.24
5 9 8.78
5 10 57.18
6 7 82.75
6 8 28.93
6 9 14.70
6 10 38.49
7 8 83.08
7 9 80.96
7 10 34.43
8 9 42.22
8 10 83.79
9 10 9.06
#
1 2 75.75
1 3 80.71
1 4 11.53
1 5 72.76
1 6 10.99
1 7 22.53
1 8 74.10
1 9 35.90
1 10 74.44
2 3 14.64
2 4 51.17
2 5 32.27
2 6 22.01
2 7 86.38
2 8 63.70
2 9 39.94
2 10 29.75
3 4 84.85
3 5 40.18
3 6 33.54
3 7 50.56
3 8 31.45
3 9 57.47
3 10 60.26
4 5 64.94
4 6 49.08
4 7 49.75
4 8 7.89
4 9 86.30
4 10 42.06
5 6 11.96
5 7 62.05
5 8 22.78
5 9 18.49
5 10 43.34
6 7 28.77
6 8 36.02
6 9 25.96
6 10 59.67
7 8 18.98
7 9 35.60
7 10 19.36
8 9 54.78
8 10 52.62
9 10 5.75
#
1 2 18.48
1 3 96.08
1 4 39.02
1 5 11.86
1 6 44.79
1 7 76.08
1 8 57.42
1 9 71.24
1 10 33.56
2 3 26.20
2 4 44.71
2 5 77.64
2 6 70.95
2 7 47.60
2 8 72.46
2 9 13.02
2 10 63.08
3 4 43.03
3 5 30.80
3 6 85.09
3 7 89.89
3 8 63.09
3 9 29.64
3 10 15.85
4 5 31.29
4 6 52.14
4 7 46.46
4 8 45.65
4 9 6.92
4 10 7.60
5 6 54.92
5 7 28.93
5 8 12.20
5 9 88.95
5 10 35.79
6 7 51.99
6 8 65.03
6 9 96.73
6 10 31.76
7 8 7.11
7 9 22.93
7 10 79.99
8 9 88.27
8 10 97.41
9 10 27.59
#
1 2 60.73
1 3 18.95
1 4 94.20
1 5 12.29
1 6 53.27
1 7 79.29
1 8 97.18
1 9 16.36
1 10 8.93
2 3 13.04
2 4 42.65
2 5 64.60
2 6 63.02
2 7 83.31
2 8 66.52
2 9 74.14
2 10 46.75
3 4 98.97
3 5 81.34
3 6 35.70
3 7 43.28
3 8 33.34
3 9 9.26
3 10 40.01
4 5 68.62
4 6 11.37
4 7 66.47
4 8 48.61
4 9 8.17
4 10 72.40
5 6 79.72
5 7 63.90
5 8 86.35
5 9 73.92
5 10 79.71
6 7 39.62
6 8 53.22
6 9 76.90
6 10 59.50
7 8 65.67
7 9 93.46
7 10 97.16
8 9 38.79
8 10 56.48
9 10 88.99
#
1 2 13.84
1 3 30.62
1 4 35.74
1 5 12.81
1 6 20.48
1 7 74.97
1 8 51.10
1 9 48.82
1 10 79.23
2 3 94.63
2 4 25.96
2 5 94.12
2 6 69.62
2 7 69.57
2 8 97.29
2 9 50.54
2 10 49.30
3 4 69.72
3 5 36.89
3 6 23.22
3 7 49.43
3 8 80.03
3 9 79.96
3 10 34.85
4 5 39.54
4 6 54.16
4 7 28.31
4 8 45.22
4 9 96.47
4 10 88.31
5 6 42.73
5 7 10.31
5 8 27.45
5 9 81.99
5 10 18.13
6 7 42.94
6 8 56.96
6 9 72.75
6 10 95.28
7 8 44.71
7 9 75.90
7 10 21.25
8 9 38.84
8 10 45.53
9 10 94.34
#
1 2 44.65
1 3 91.07
1 4 43.64
1 5 22.89
1 6 36.49
1 7 70.39
1 8 67.33
1 9 16.52
1 10 58.87
2 3 10.70
2 4 59.58
2 5 21.55
2 6 34.02
2 7 99.80
2 8 18.03
2 9 30.85
2 10 51.05
3 4 23.34
3 5 53.31
3 6 33.05
3 7 44.99
3 8 99.77
3 9 93.53
3 10 26.26
4 5 95.05
4 6 38.25
4 7 97.17
4 8 24.82
4 9 80.61
4 10 51.22
5 6 19.17
5 7 33.78
5 8 42.29
5 9 66.33
5 10 51.68
6 7 82.30
6 8 36.72
6 9 27.53
6 10 7.35
7 8 99.12
7 9 33.23
7 10 61.93
8 9 29.19
8 10 70.77
9 10 70.26
#
1 2 50.74
1 3 96.63
1 4 21.31
1 5 77.61
1 6 58.46
1 7 57.88
1 8 22.60
1 9 58.23
1 10 51.42
2 3 43.87
2 4 61.80
2 5 93.19
2 6 49.56
2 7 81.63
2 8 82.32
2 9 95.78
2 10 95.80
3 4 16.10
3 5 46.59
3 6 62.13
3 7 71.30
3 8 28.90
3 9 7.38
3 10 93.83
4 5 31.25
4 6 15.02
4 7 27.07
4 8 96.70
4 9 39.21
4 10 6.36
5 6 66.96
5 7 84.96
5 8 11.51
5 9 91.80
5 10 62.57
6 7 64.97
6 8 49.68
6 9 88.69
6 10 31.72
7 8 9.62
7 9 41.08
7 10 88.53
8 9 97.81
8 10 85.64
9 10 70.16
#
1 2 88.65
1 3 89.94
1 4 65.96
1 5 99.76
1 6 36.54
1 7 36.61
1 8 79.58
1 9 68.96
1 10 38.99
2 3 73.42
2 4 8.73
2 5 49.01
2 6 9.01
2 7 5.43
2 8 91.75
2 9 10.37
2 10 75.92
3 4 85.23
3 5 25.41
3 6 76.24
3 7 56.32
3 8 85.38
3 9 34.44
3 10 45.01
4 5 17.11
4 6 39.07
4 7 89.62
4 8 5.64
4 9 45.40
4 10 83.78
5 6 70.80
5 7 34.06
5 8 73.73
5 9 45.28
5 10 42.34
6 7 10.27
6 8 76.89
6 9 21.92
6 10 82.75
7 8 24.41
7 9 90.34
7 10 86.48
8 9 76.94
8 10 7.87
9 10 95.43
#
1 2 68.69
1 3 21.77
1 4 79.87
1 5 62.44
1 6 42.18
1 7 56.11
1 8 18.76
1 9 36.08
1 10 85.56
2 3 67.30
2 4 48.19
2 5 24.63
2 6 56.92
2 7 57.35
2 8 73.55
2 9 40.70
2 10 36.67
3 4 7.61
3 5 14.43
3 6 76.95
3 7 44.95
3 8 28.22
3 9 62.37
3 10 61.88
4 5 10.97
4 6 81.78
4 7 60.74
4 8 5.97
4 9 58.72
4 10 72.14
5 6 96.41
5 7 35.94
5 8 88.91
5 9 76.28
5 10 6.90
6 7 39.61
6 8 40.92
6 9 20.67
6 10 70.69
7 8 26.48
7 9 91.49
7 10 18.89
8 9 54.63
8 10 48.41
9 10 71.24
#
1 2 28.18
1 3 92.63
1 4 7.92
1 5 39.32
1 6 15.59
1 7 88.39
1 8 79.27
1 9 47.33
1 10 50.76
2 3 49.67
2 4 53.31
2 5 41.06
2 6 18.94
2 7 62.80
2 8 8.31
2 9 86.08
2 10 67.73
3 4 47.77
3 5 74.99
3 6 52.54
3 7 49.67
3 8 14.60
3 9 88.46
3 10 65.34
4 5 88.81
4 6 23.46
4 7 65.35
4 8 7.70
4 9 73.09
4 10 13.76
5 6 82.47
5 7 9.79
5 8 14.92
5 9 93.91
5 10 44.11
6 7 25.51
6 8 82.30
6 9 31.91
6 10 67.84
7 8 41.59
7 9 85.10
7 10 29.67
8 9 77.65
8 10 99.04
9 10 87.48
#
1 2 89.48
1 3 85.12
1 4 63.73
1 5 37.25
1 6 68.63
1 7 16.27
1 8 81.93
1 9 86.75
1 10 99.73
2 3 55.79
2 4 75.57
2 5 23.19
2 6 21.15
2 7 86.79
2 8 99.80
2 9 38.43
2 10 77.78
3 4 9.60
3 5 48.35
3 6 71.69
3 7 57.23
3 8 77.38
3 9 62.52
3 10 92.66
4 5 45.23
4 6 12.63
4 7 77.77
4 8 78.42
4 9 93.80
4 10 85.33
5 6 74.42
5 7 83.29
5 8 70.46
5 9 38.16
5 10 20.54
6 7 47.61
6 8 49.43
6 9 10.99
6 10 42.89
7 8 49.17
7 9 61.79
7 10 26.98
8 9 75.88
8 10 86.46
9 10 22.29
#
1 2 75.69
1 3 24.89
1 4 95.08
1 5 88.81
1 6 76.77
1 7 66.77
1 8 54.56
1 9 54.15
1 10 37.81
2 3 47.23
2 4 7.90
2 5 45.44
2 6 25.00
2 7 81.33
2 8 39.25
2 9 10.33
2 10 55.75
3 4 31.06
3 5 84.31
3 6 88.91
3 7 55.12
3 8 40.45
3 9 38.35
3 10 61.12
4 5 86.86
4 6 91.04
4 7 31.43
4 8 13.84
4 9 66.92
4 10 17.89
5 6 31.13
5 7 51.13
5 8 46.30
5 9 26.21
5 10 39.94
6 7 23.07
6 8 96.51
6 9 89.51
6 10 80.75
7 8 34.32
7 9 36.74
7 10 83.65
8 9 83.29
8 10 65.26
9 10 64.98
#
1 2 31.06
1 3 79.11
1 4 29.26
1 5 57.12
1 6 71.95
1 7 18.17
1 8 12.24
1 9 12.40
1 10 60.04
2 3 76.88
2 4 7.78
2 5 59.60
2 6 8.31
2 7 16.62
2 8 35.05
2 9 29.72
2 10 51.27
3 4 81.18
3 5 71.03
3 6 81.01
3 7 21.13
3 8 97.62
3 9 77.52
3 10 19.16
4 5 78.37
4 6 20.36
4 7 59.42
4 8 62.03
4 9 12.17
4 10 33.20
5 6 35.53
5 7 38.23
5 8 12.31
5 9 59.79
5 10 98.87
6 7 87.78
6 8 81.49
6 9 11.12
6 10 95.18
7 8 50.05
7 9 83.00
7 10 11.48
8 9 9.66
8 10 94.84
9 10 23.10
#
1 2 39.71
1 3 24.56
1 4 77.90
1 5 29.41
1 6 99.11
1 7 58.91
1 8 54.06
1 9 96.74
1 10 44.95
2 3 68.22
2 4 83.63
2 5 68.83
2 6 36.16
2 7 54.18
2 8 76.01
2 9 64.36
2 10 84.72
3 4 14.24
3 5 80.20
3 6 53.03
3 7 21.64
3 8 67.98
3 9 43.04
3 10 27.76
4 5 71.69
4 6 88.10
4 7 19.28
4 8 78.17
4 9 6.28
4 10 22.64
5 6 9.80
5 7 49.51
5 8 42.21
5 9 82.70
5 10 73.92
6 7 41.32
6 8 50.13
6 9 27.99
6 10 46.58
7 8 90.08
7 9 99.73
7 10 30.22
8 9 58.91
8 10 35.90
9 10 87.92
#
1 2 43.44
1 3 8.78
1 4 72.64
1 5 61.21
1 6 83.98
1 7 34.20
1 8 77.85
1 9 51.97
1 10 72.24
2 3 14.13
2 4 23.66
2 5 60.34
2 6 28.41
2 7 96.83
2 8 61.62
2 9 54.58
2 10 6.63
3 4 11.13
3 5 91.79
3 6 92.85
3 7 88.58
3 8 41.63
3 9 42.98
3 10 25.09
4 5 83.22
4 6 33.06
4 7 24.82
4 8 21.96
4 9 95.50
4 10 64.24
5 6 9.88
5 7 38.94
5 8 76.55
5 9 86.05
5 10 95.15
6 7 60.53
6 8 28.77
6 9 73.00
6 10 21.02
7 8 96.01
7 9 82.13
7 10 39.68
8 9 64.88
8 10 19.07
9 10 45.04
#
1 2 35.02
1 3 77.17
1 4 55.19
1 5 49.68
1 6 68.96
1 7 48.05
1 8 38.26
1 9 19.11
1 10 86.03
2 3 66.87
2 4 10.85
2 5 19.10
2 6 95.21
2 7 36.33
2 8 23.12
2 9 67.98
2 10 41.22
3 4 57.06
3 5 44.53
3 6 35.79
3 7 60.74
3 8 5.06
3 9 59.56
3 10 42.26
4 5 21.09
4 6 64.09
4 7 32.92
4 8 64.29
4 9 37.49
4 10 55.51
5 6 9.33
5 7 67.52
5 8 32.68
5 9 68.05
5 10 25.72
6 7 10.16
6 8 16.10
6 9 67.50
6 10 24.27
7 8 97.13
7 9 34.37
7 10 30.13
8 9 24.75
8 10 29.58
9 10 61.46
#
1 2 42.87
1 3 92.56
1 4 11.20
1 5 8.46
1 6 37.09
1 7 50.51
1 8 64.20
1 9 45.68
1 10 10.07
2 3 14.98
2 4 70.29
2 5 77.69
2 6 42.90
2 7 43.10
2 8 15.18
2 9 93.41
2 10 55.96
3 4 86.22
3 5 34.61
3 6 24.01
3 7 11.94
3 8 39.77
3 9 35.11
3 10 74.44
4 5 59.05
4 6 40.76
4 7 17.33
4 8 92.70
4 9 60.52
4 10 50.44
5 6 62.68
5 7 11.91
5 8 43.00
5 9 68.89
5 10 15.37
6 7 83.62
6 8 19.40
6 9 83.09
6 10 37.82
7 8 33.00
7 9 6.60
7 10 8.11
8 9 19.21
8 10 44.50
9 10 54.73
#
1 2 37.91
1 3 46.44
1 4 10.69
1 5 24.14
1 6 76.05
1 7 29.70
1 8 39.60
1 9 15.83
1 10 68.33
2 3 14.05
2 4 78.40
2 5 9.10
2 6 34.90
2 7 71.10
2 8 64.62
2 9 80.34
2 10 33.78
3 4 80.05
3 5 31.87
3 6 11.19
3 7 90.43
3 8 15.49
3 9 34.12
3 10 82.04
4 5 48.31
4 6 70.64
4 7 83.64
4 8 59.94
4 9 84.85
4 10 36.67
5 6 14.67
5 7 22.76
5 8 78.11
5 9 28.89
5 10 50.42
6 7 62.68
6 8 53.59
6 9 85.03
6 10 73.51
7 8 21.93
7 9 7.60
7 10 60.43
8 9 34.55
8 10 37.50
9 10 31.53
#
1 2 94.17
1 3 26.37
1 4 68.84
1 5 74.22
1 6 53.24
1 7 75.03
1 8 73.17
1 9 72.25
1 10 17.67
2 3 63.74
2 4 29.08
2 5 83.31
2 6 47.38
2 7 84.02
2 8 76.68
2 9 87.57
2 10 7.21
3 4 7.97
3 5 74.20
3 6 31.10
3 7 53.39
3 8 36.89
3 9 88.22
3 10 38.42
4 5 18.92
4 6 18.67
4 7 49.54
4 8 74.36
4 9 48.22
4 10 82.05
5 6 5.89
5 7 50.91
5 8 16.94
5 9 78.25
5 10 33.65
6 7 65.18
6 8 61.81
6 9 6.83
6 10 37.43
7 8 74.48
7 9 74.09
7 10 61.51
8 9 66.32
8 10 29.99
9 10 54.05
#
1 2 43.00
1 3 17.57
1 4 64.78
1 5 54.49
1 6 86.77
1 7 99.41
1 8 7.89
1 9 32.18
1 10 87.63
2 3 49.83
2 4 46.11
2 5 14.82
2 6 7.90
2 7 20.47
2 8 58.04
2 9 93.47
2 10 29.88
3 4 8.95
3 5 10.41
3 6 8.14
3 7 46.12
3 8 70.59
3 9 73.47
3 10 47.95
4 5 16.54
4 6 47.95
4 7 30.56
4 8 81.57
4 9 22.79
4 10 55.56
5 6 35.62
5 7 69.32
5 8 68.13
5 9 8.92
5 10 23.81
6 7 63.42
6 8 8.33
6 9 35.22
6 10 90.61
7 8 99.48
7 9 88.58
7 10 36.72
8 9 14.30
8 10 91.48
9 10 60.71
#
1 2 75.86
1 3 84.95
1 4 85.59
1 5 88.33
1 6 90.36
1 7 97.25
1 8 34.46
1 9 69.47
1 10 70.72
2 3 85.93
2 4 81.01
2 5 27.20
2 6 16.50
2 7 62.58
2 8 44.99
2 9 67.06
2 10 6.72
3 4 14.31
3 5 43.71
3 6 10.64
3 7 41.65
3 8 7.13
3 9 22.50
3 10 71.87
4 5 92.74
4 6 21.98
4 7 68.97
4 8 37.98
4 9 39.81
4 10 60.45
5 6 93.69
5 7 15.67
5 8 53.92
5 9 87.81
5 10 99.01
6 7 44.28
6 8 85.06
6 9 41.99
6 10 22.27
7 8 64.31
7 9 27.92
7 10 11.80
8 9 95.03
8 10 47.94
9 10 77.90
#
1 2 48.54
1 3 15.00
1 4 79.62
1 5 66.38
1 6 53.71
1 7 93.79
1 8 8.03
1 9 64.37
1 10 16.29
2 3 83.42
2 4 65.63
2 5 33.27
2 6 52.40
2 7 98.62
2 8 68.08
2 9 12.85
2 10 5.83
3 4 87.28
3 5 61.78
3 6 88.64
3 7 94.81
3 8 14.58
3 9 82.23
3 10 36.80
4 5 31.86
4 6 55.06
4 7 68.24
4 8 47.18
4 9 50.09
4 10 16.19
5 6 25.09
5 7 93.63
5 8 26.19
5 9 13.23
5 10 60.01
6 7 83.43
6 8 7.02
6 9 71.56
6 10 56.32
7 8 26.83
7 9 54.99
7 10 21.95
8 9 55.11
8 10 7.39
9 10 29.09
#
1 2 31.71
1 3 23.76
1 4 29.93
1 5 27.51
1 6 89.06
1 7 18.57
1 8 22.32
1 9 98.65
1 10 95.80
2 3 54.12
2 4 39.03
2 5 50.86
2 6 30.89
2 7 81.21
2 8 9.47
2 9 42.08
2 10 6.30
3 4 11.63
3 5 63.27
3 6 14.54
3 7 75.16
3 8 55.22
3 9 25.08
3 10 46.73
4 5 20.06
4 6 46.92
4 7 96.72
4 8 37.02
4 9 10.55
4 10 12.63
5 6 69.63
5 7 45.78
5 8 31.39
5 9 94.56
5 10 68.30
6 7 28.98
6 8 21.66
6 9 94.14
6 10 27.63
7 8 17.46
7 9 56.79
7 10 70.18
8 9 71.85
8 10 82.68
9 10 51.39
#
1 2 84.84
1 3 24.76
1 4 61.22
1 5 91.47
1 6 91.55
1 7 79.28
1 8 66.64
1 9 55.30
1 10 99.36
2 3 13.37
2 4 70.36
2 5 54.80
2 6 18.61
2 7 7.38
2 8 60.35
2 9 34.76
2 10 80.54
3 4 14.66
3 5 69.67
3 6 75.10
3 7 86.48
3 8 93.65
3 9 91.76
3 10 80.62
4 5 29.80
4 6 17.75
4 7 37.41
4 8 94.98
4 9 93.12
4 10 20.09
5 6 46.38
5 7 77.96
5 8 39.85
5 9 16.12
5 10 77.96
6 7 39.93
6 8 90.40
6 9 44.60
6 10 90.23
7 8 98.28
7 9 61.49
7 10 60.59
8 9 53.09
8 10 83.62
9 10 71.50
#
1 2 21.96
1 3 26.90
1 4 52.04
1 5 40.14
1 6 91.57
1 7 27.14
1 8 26.62
1 9 93.75
1 10 27.43
2 3 7.25
2 4 23.55
2 5 40.18
2 6 39.66
2 7 18.54
2 8 33.30
2 9 63.28
2 10 68.44
3 4 19.78
3 5 11.65
3 6 79.56
3 7 92.74
3 8 46.58
3 9 69.96
3 10 45.86
4 5 36.81
4 6 76.76
4 7 15.87
4 8 92.41
4 9 38.37
4 10 94.49
5 6 72.43
5 7 63.86
5 8 21.39
5 9 24.47
5 10 99.00
6 7 21.49
6 8 55.13
6 9 25.63
6 10 15.24
7 8 77.56
7 9 36.40
7 10 33.79
8 9 26.26
8 10 71.06
9 10 55.85
#
1 2 54.56
1 3 42.86
1 4 24.29
1 5 77.87
1 6 49.52
1 7 98.85
1 8 79.13
1 9 91.10
1 10 77.33
2 3 25.00
2 4 36.44
2 5 62.62
2 6 35.87
2 7 28.85
2 8 95.99
2 9 38.89
2 10 96.28
3 4 59.85
3 5 63.80
3 6 29.27
3 7 67.38
3 8 80.29
3 9 79.40
3 10 88.01
4 5 99.05
4 6 56.97
4 7 24.41
4 8 41.37
4 9 78.23
4 10 98.99
5 6 92.22
5 7 41.32
5 8 50.38
5 9 25.04
5 10 27.71
6 7 94.90
6 8 32.41
6 9 6.84
6 10 94.52
7 8 9.75
7 9 26.84
7 10 30.96
8 9 75.89
8 10 66.24
9 10 63.33
#
1 2 71.88
1 3 5.13
1 4 68.13
1 5 40.26
1 6 63.93
1 7 92.40
1 8 7.64
1 9 52.75
1 10 71.81
2 3 90.65
2 4 51.80
2 5 37.30
2 6 23.58
2 7 96.69
2 8 24.05
2 9 31.09
2 10 97.44
3 4 68.89
3 5 76.47
3 6 22.48
3 7 91.60
3 8 79.89
3 9 49.89
3 10 93.45
4 5 74.42
4 6 63.16
4 7 28.81
4 8 13.90
4 9 39.05
4 10 90.05
5 6 72.24
5 7 19.46
5 8 98.70
5 9 48.89
5 10 54.72
6 7 71.16
6 8 41.30
6 9 57.36
6 10 23.91
7 8 21.63
7 9 56.53
7 10 79.23
8 9 53.93
8 10 83.63
9 10 84.45
#
1 2 81.50
1 3 14.72
1 4 81.89
1 5 50.40
1 6 94.72
1 7 99.37
1 8 42.00
1 9 74.61
1 10 57.78
2 3 43.97
2 4 57.55
2 5 29.47
2 6 67.79
2 7 66.46
2 8 72.04
2 9 66.36
2 10 47.22
3 4 86.50
3 5 65.07
3 6 91.11
3 7 49.74
3 8 36.23
3 9 40.93
3 10 7.10
4 5 63.66
4 6 57.56
4 7 67.15
4 8 51.41
4 9 20.01
4 10 50.78
5 6 35.86
5 7 96.52
5 8 60.51
5 9 26.27
5 10 55.44
6 7 55.23
6 8 34.16
6 9 5.96
6 10 38.36
7 8 86.95
7 9 44.94
7 10 90.92
8 9 24.94
8 10 21.25
9 10 65.90
#
1 2 91.98
1 3 82.61
1 4 21.64
1 5 87.01
1 6 56.20
1 7 21.27
1 8 36.75
1 9 95.95
1 10 57.21
2 3 47.38
2 4 68.13
2 5 14.77
2 6 14.53
2 7 19.55
2 8 29.79
2 9 60.32
2 10 58.93
3 4 34.83
3 5 20.83
3 6 80.21
3 7 85.27
3 8 79.58
3 9 14.37
3 10 94.75
4 5 26.46
4 6 9.84
4 7 39.69
4 8 25.90
4 9 29.78
4 10 64.46
5 6 86.80
5 7 30.29
5 8 55.60
5 9 16.96
5 10 17.30
6 7 11.80
6 8 33.24
6 9 57.57
6 10 16.28
7 8 85.45
7 9 99.95
7 10 79.41
8 9 8.74
8 10 14.49
9 10 7.48
#
1 2 42.05
1 3 69.81
1 4 69.94
1 5 71.88
1 6 94.16
1 7 58.67
1 8 65.67
1 9 73.74
1 10 76.56
2 3 68.95
2 4 8.72
2 5 81.41
2 6 8.64
2 7 29.63
2 8 19.71
2 9 68.11
2 10 24.95
3 4 53.52
3 5 32.23
3 6 36.92
3 7 65.82
3 8 39.03
3 9 73.68
3 10 31.92
4 5 50.31
4 6 59.13
4 7 31.87
4 8 38.25
4 9 71.39
4 10 41.36
5 6 49.25
5 7 13.45
5 8 11.17
5 9 19.19
5 10 88.85
6 7 13.85
6 8 72.86
6 9 63.05
6 10 91.11
7 8 49.43
7 9 32.00
7 10 94.84
8 9 39.36
8 10 44.16
9 10 24.47
#
1 2 54.07
1 3 20.79
1 4 44.42
1 5 7.60
1 6 48.02
1 7 84.86
1 8 76.94
1 9 82.06
1 10 58.54
2 3 8.86
2 4 40.89
2 5 26.19
2 6 35.74
2 7 82.66
2 8 6.11
2 9 80.62
2 10 31.92
3 4 14.56
3 5 95.32
3 6 46.11
3 7 11.93
3 8 9.17
3 9 27.50
3 10 69.98
4 5 95.29
4 6 71.93
4 7 10.50
4 8 90.13
4 9 11.29
4 10 49.67
5 6 23.12
5 7 68.88
5 8 65.46
5 9 62.54
5 10 80.00
6 7 13.49
6 8 55.93
6 9 65.47
6 10 99.07
7 8 22.99
7 9 69.33
7 10 48.48
8 9 52.71
8 10 13.59
9 10 31.15
#
1 2 53.82
1 3 97.74
1 4 66.59
1 5 71.90
1 6 93.06
1 7 12.70
1 8 78.83
1 9 10.75
1 10 43.72
2 3 48.82
2 4 6.04
2 5 15.65
2 6 54.32
2 7 99.69
2 8 30.46
2 9 12.51
2 10 22.81
3 4 7.87
3 5 72.98
3 6 80.36
3 7 82.87
3 8 89.99
3 9 44.81
3 10 48.34
4 5 97.58
4 6 62.80
4 7 26.20
4 8 54.58
4 9 15.51
4 10 43.31
5 6 89.25
5 7 72.85
5 8 41.05
5 9 55.84
5 10 44.75
6 7 42.63
6 8 72.07
6 9 23.59
6 10 48.39
7 8 15.79
7 9 75.93
7 10 49.43
8 9 34.97
8 10 38.77
9 10 49.13
#
1 2 60.43
1 3 46.29
1 4 75.46
1 5 71.82
1 6 27.79
1 7 64.34
1 8 54.70
1 9 26.30
1 10 9.15
2 3 11.56
2 4 23.88
2 5 75.48
2 6 41.28
2 7 73.46
2 8 94.51
2 9 88.12
2 10 62.72
3 4 67.37
3 5 29.17
3 6 27.08
3 7 12.12
3 8 75.33
3 9 94.15
3 10 30.71
4 5 32.24
4 6 9.95
4 7 15.16
4 8 85.19
4 9 39.92
4 10 48.94
5 6 42.84
5 7 8.87
5 8 90.23
5 9 18.31
5 10 75.70
6 7 26.54
6 8 77.65
6 9 38.92
6 10 47.84
7 8 81.81
7 9 45.48
7 10 75.24
8 9 57.29
8 10 90.29
9 10 57.22
#
1 2 51.80
1 3 78.41
1 4 28.46
1 5 27.69
1 6 16.10
1 7 50.55
1 8 34.82
1 9 86.43
1 10 44.70
2 3 69.05
2 4 18.67
2 5 58.17
2 6 79.22
2 7 98.87
2 8 6.61
2 9 36.68
2 10 50.23
3 4 10.49
3 5 26.91
3 6 63.54
3 7 81.19
3 8 56.97
3 9 41.20
3 10 28.63
4 5 99.81
4 6 23.01
4 7 69.11
4 8 75.05
4 9 83.82
4 10 67.92
5 6 32.27
5 7 44.14
5 8 46.33
5 9 55.74
5 10 66.84
6 7 57.44
6 8 14.81
6 9 10.18
6 10 52.39
7 8 54.51
7 9 82.75
7 10 74.59
8 9 21.21
8 10 70.49
9 10 81.98
#
1 2 22.82
1 3 7.17
1 4 32.21
1 5 28.31
1 6 37.60
1 7 90.76
1 8 18.02
1 9 89.57
1 10 31.96
2 3 41.65
2 4 89.38
2 5 58.49
2 6 19.29
2 7 72.95
2 8 50.83
2 9 82.21
2 10 13.75
3 4 98.49
3 5 37.07
3 6 73.01
3 7 73.85
3 8 98.03
3 9 82.82
3 10 79.03
4 5 50.42
4 6 45.85
4 7 70.31
4 8 33.53
4 9 62.06
4 10 40.80
5 6 24.03
5 7 79.89
5 8 42.98
5 9 51.25
5 10 16.72
6 7 75.58
6 8 50.53
6 9 29.75
6 10 73.68
7 8 86.01
7 9 74.92
7 10 63.06
8 9 53.02
8 10 89.21
9 10 44.54
#
1 2 98.85
1 3 79.95
1 4 53.29
1 5 97.34
1 6 25.54
1 7 26.30
1 8 71.20
1 9 23.57
1 10 9.12
2 3 58.75
2 4 77.51
2 5 58.49
2 6 29.06
2 7 11.05
2 8 20.56
2 9 73.39
2 10 38.60
3 4 95.45
3 5 16.37
3 6 84.85
3 7 12.17
3 8 95.47
3 9 43.90
3 10 45.44
4 5 69.15
4 6 38.43
4 7 20.37
4 8 40.74
4 9 86.45
4 10 18.10
5 6 80.28
5 7 93.82
5 8 6.57
5 9 42.09
5 10 99.69
6 7 27.11
6 8 71.91
6 9 79.41
6 10 45.68
7 8 84.55
7 9 38.16
7 10 31.72
8 9 43.04
8 10 70.75
9 10 46.29
#
