1 2 89.88
1 3 51.89
1 4 14.25
1 5 11.84
1 6 69.32
1 7 57.48
1 8 62.59
1 9 95.05
2 3 7.48
2 4 32.55
2 5 27.23
2 6 23.69
2 7 11.72
2 8 42.05
2 9 94.22
3 4 54.03
3 5 63.65
3 6 66.53
3 7 58.13
3 8 27.61
3 9 62.41
4 5 81.44
4 6 24.97
4 7 87.29
4 8 58.79
4 9 50.80
5 6 14.79
5 7 84.55
5 8 87.11
5 9 52.84
6 7 29.79
6 8 76.99
6 9 13.26
7 8 47.57
7 9 83.83
8 9 77.58
#
1 2 5.05
1 3 46.42
1 4 81.15
1 5 16.05
1 6 82.49
1 7 16.90
1 8 34.74
1 9 89.21
2 3 53.95
2 4 37.48
2 5 51.76
2 6 26.12
2 7 99.01
2 8 9.89
2 9 57.25
3 4 69.94
3 5 94.85
3 6 77.22
3 7 65.75
3 8 53.64
3 9 28.03
4 5 75.55
4 6 46.71
4 7 15.14
4 8 36.91
4 9 71.51
5 6 87.13
5 7 45.17
5 8 27.60
5 9 70.96
6 7 31.28
6 8 27.65
6 9 25.90
7 8 12.43
7 9 38.70
8 9 8.39
#
1 2 24.34
1 3 76.96
1 4 6.12
1 5 81.81
1 6 14.44
1 7 52.89
1 8 7.94
1 9 21.98
2 3 66.30
2 4 60.19
2 5 86.92
2 6 61.16
2 7 45.94
2 8 61.20
2 9 23.32
3 4 68.97
3 5 45.27
3 6 65.04
3 7 87.63
3 8 77.18
3 9 45.07
4 5 74.76
4 6 30.88
4 7 67.67
4 8 54.24
4 9 57.16
5 6 90.32
5 7 75.14
5 8 73.11
5 9 37.54
6 7 87.05
6 8 5.97
6 9 23.02
7 8 96.69
7 9 91.31
8 9 32.46
#
1 2 58.10
1 3 7.77
1 4 49.44
1 5 24.41
1 6 71.48
1 7 44.89
1 8 89.09
1 9 17.42
2 3 6.09
2 4 12.41
2 5 89.91
2 6 46.36
2 7 72.45
2 8 77.54
2 9 32.06
3 4 17.52
3 5 52.30
3 6 57.94
3 7 88.71
3 8 15.06
3 9 23.62
4 5 87.55
4 6 93.72
4 7 91.74
4 8 25.09
4 9 80.77
5 6 6.23
5 7 43.11
5 8 85.99
5 9 92.54
6 7 79.10
6 8 44.09
6 9 95.31
7 8 28.54
7 9 72.02
8 9 75.32
#
1 2 68.43
1 3 69.63
1 4 87.74
1 5 78.04
1 6 77.05
1 7 77.66
1 8 24.40
1 9 58.02
2 3 55.20
2 4 51.47
2 5 70.55
2 6 16.03
2 7 17.93
2 8 67.78
2 9 26.09
3 4 45.08
3 5 55.34
3 6 19.82
3 7 45.34
3 8 83.95
3 9 9.11
4 5 46.57
4 6 35.59
4 7 90.10
4 8 47.64
4 9 14.69
5 6 42.72
5 7 51.47
5 8 38.23
5 9 23.26
6 7 26.79
6 8 15.19
6 9 87.90
7 8 14.54
7 9 88.23
8 9 64.95
#
1 2 87.20
1 3 21.16
1 4 22.97
1 5 50.92
1 6 76.15
1 7 97.04
1 8 61.95
1 9 97.60
2 3 64.83
2 4 91.57
2 5 42.68
2 6 20.17
2 7 11.39
2 8 83.02
2 9 12.64
3 4 15.50
3 5 38.12
3 6 43.23
3 7 14.13
3 8 80.76
3 9 52.92
4 5 51.85
4 6 32.23
4 7 94.68
4 8 78.63
4 9 54.03
5 6 9.87
5 7 66.53
5 8 63.57
5 9 6.62
6 7 31.48
6 8 59.29
6 9 22.78
7 8 57.98
7 9 18.73
8 9 7.45
#
1 2 55.02
1 3 84.21
1 4 5.06
1 5 28.37
1 6 75.78
1 7 42.74
1 8 52.06
1 9 90.69
2 3 25.77
2 4 59.71
2 5 14.71
2 6 58.89
2 7 97.94
2 8 23.84
2 9 48.17
3 4 59.39
3 5 79.21
3 6 75.40
3 7 54.07
3 8 57.85
3 9 29.43
4 5 67.46
4 6 24.38
4 7 96.52
4 8 69.08
4 9 59.39
5 6 64.33
5 7 95.39
5 8 17.37
5 9 78.07
6 7 97.84
6 8 75.91
6 9 70.80
7 8 97.90
7 9 12.81
8 9 46.58
#
1 2 40.65
1 3 59.87
1 4 37.27
1 5 69.94
1 6 28.10
1 7 55.50
1 8 37.35
1 9 26.05
2 3 82.87
2 4 80.52
2 5 88.96
2 6 62.08
2 7 55.92
2 8 43.03
2 9 28.45
3 4 88.88
3 5 10.49
3 6 56.36
3 7 93.92
3 8 83.09
3 9 24.27
4 5 58.26
4 6 78.48
4 7 45.16
4 8 44.85
4 9 76.33
5 6 21.07
5 7 24.17
5 8 82.75
5 9 37.40
6 7 65.75
6 8 23.40
6 9 92.28
7 8 11.54
7 9 96.86
8 9 20.38
#
1 2 70.56
1 3 34.21
1 4 49.95
1 5 53.43
1 6 14.73
1 7 38.91
1 8 24.04
1 9 74.18
2 3 85.46
2 4 47.49
2 5 63.06
2 6 90.95
2 7 12.37
2 8 65.50
2 9 74.05
3 4 31.64
3 5 32.28
3 6 61.05
3 7 71.80
3 8 80.65
3 9 45.90
4 5 96.40
4 6 99.82
4 7 28.66
4 8 33.80
4 9 74.09
5 6 55.58
5 7 34.60
5 8 89.15
5 9 52.45
6 7 58.51
6 8 59.72
6 9 81.66
7 8 16.98
7 9 13.15
8 9 99.92
#
1 2 59.42
1 3 32.19
1 4 74.10
1 5 44.88
1 6 83.21
1 7 45.68
1 8 35.84
1 9 90.58
2 3 11.18
2 4 18.41
2 5 30.75
2 6 46.99
2 7 82.98
2 8 11.07
2 9 27.64
3 4 28.89
3 5 15.99
3 6 27.47
3 7 52.55
3 8 44.80
3 9 10.08
4 5 16.65
4 6 82.92
4 7 94.24
4 8 64.10
4 9 49.95
5 6 53.96
5 7 54.29
5 8 61.94
5 9 70.63
6 7 62.73
6 8 21.36
6 9 97.83
7 8 45.35
7 9 61.24
8 9 89.56
#
1 2 86.03
1 3 5.60
1 4 88.66
1 5 5.73
1 6 27.53
1 7 19.41
1 8 47.72
1 9 10.52
2 3 25.49
2 4 78.89
2 5 34.41
2 6 36.48
2 7 14.88
2 8 90.48
2 9 84.80
3 4 19.96
3 5 7.13
3 6 76.25
3 7 14.20
3 8 74.76
3 9 26.20
4 5 63.16
4 6 29.05
4 7 91.66
4 8 42.32
4 9 86.78
5 6 13.02
5 7 48.67
5 8 32.13
5 9 77.79
6 7 38.23
6 8 26.68
6 9 78.39
7 8 26.89
7 9 35.93
8 9 14.45
#
1 2 49.83
1 3 87.18
1 4 19.97
1 5 70.32
1 6 66.07
1 7 57.90
1 8 15.32
1 9 75.95
2 3 48.38
2 4 8.65
2 5 99.43
2 6 50.51
2 7 88.42
2 8 13.64
2 9 25.27
3 4 14.62
3 5 80.32
3 6 57.84
3 7 6.29
3 8 22.64
3 9 53.14
4 5 22.83
4 6 66.31
4 7 88.79
4 8 95.62
4 9 99.54
5 6 23.99
5 7 82.54
5 8 34.96
5 9 54.93
6 7 91.99
6 8 79.79
6 9 50.63
7 8 11.96
7 9 50.11
8 9 25.22
#
1 2 64.86
1 3 68.95
1 4 9.69
1 5 21.76
1 6 81.12
1 7 9.12
1 8 75.79
1 9 69.54
2 3 17.76
2 4 9.59
2 5 87.69
2 6 93.09
2 7 62.43
2 8 88.98
2 9 15.73
3 4 15.58
3 5 20.33
3 6 85.57
3 7 12.89
3 8 15.96
3 9 85.11
4 5 31.89
4 6 7.02
4 7 20.07
4 8 81.82
4 9 94.01
5 6 94.86
5 7 32.45
5 8 14.49
5 9 53.49
6 7 61.19
6 8 82.87
6 9 30.97
7 8 65.88
7 9 99.63
8 9 12.09
#
1 2 70.00
1 3 75.42
1 4 76.64
1 5 82.77
1 6 80.01
1 7 72.85
1 8 84.38
1 9 50.97
2 3 61.83
2 4 95.11
2 5 70.07
2 6 85.68
2 7 89.20
2 8 77.96
2 9 10.16
3 4 74.32
3 5 9.85
3 6 12.18
3 7 97.91
3 8 95.19
3 9 14.71
4 5 6.30
4 6 36.16
4 7 24.20
4 8 63.31
4 9 92.35
5 6 15.59
5 7 89.28
5 8 58.23
5 9 15.22
6 7 9.90
6 8 28.24
6 9 94.17
7 8 90.06
7 9 19.53
8 9 82.70
#
1 2 62.91
1 3 98.91
1 4 33.67
1 5 33.26
1 6 7.54
1 7 98.74
1 8 18.94
1 9 91.75
2 3 76.71
2 4 24.11
2 5 66.07
2 6 90.08
2 7 39.81
2 8 72.50
2 9 85.28
3 4 49.53
3 5 73.80
3 6 21.44
3 7 77.25
3 8 45.64
3 9 22.32
4 5 87.85
4 6 34.92
4 7 75.55
4 8 11.59
4 9 48.34
5 6 12.31
5 7 5.76
5 8 38.40
5 9 26.84
6 7 83.47
6 8 96.31
6 9 25.75
7 8 17.14
7 9 29.57
8 9 28.30
#
1 2 24.41
1 3 52.04
1 4 28.57
1 5 9.64
1 6 71.15
1 7 98.16
1 8 8.24
1 9 19.48
2 3 70.66
2 4 88.52
2 5 64.01
2 6 52.99
2 7 18.49
2 8 41.27
2 9 93.63
3 4 35.81
3 5 37.64
3 6 37.07
3 7 19.88
3 8 44.23
3 9 80.42
4 5 27.20
4 6 45.00
4 7 18.82
4 8 49.04
4 9 36.99
5 6 23.66
5 7 69.80
5 8 57.65
5 9 56.75
6 7 6.62
6 8 77.06
6 9 8.79
7 8 30.19
7 9 90.22
8 9 83.46
#
1 2 28.35
1 3 93.47
1 4 97.95
1 5 7.53
1 6 90.51
1 7 70.48
1 8 55.52
1 9 9.00
2 3 20.27
2 4 57.67
2 5 48.33
2 6 52.91
2 7 98.27
2 8 63.22
2 9 92.15
3 4 78.69
3 5 85.42
3 6 45.67
3 7 6.03
3 8 34.46
3 9 77.66
4 5 24.69
4 6 12.78
4 7 35.31
4 8 76.45
4 9 22.92
5 6 20.90
5 7 88.76
5 8 56.63
5 9 19.64
6 7 72.23
6 8 79.98
6 9 13.11
7 8 78.70
7 9 91.04
8 9 98.63
#
1 2 49.18
1 3 55.08
1 4 16.15
1 5 64.46
1 6 21.28
1 7 59.49
1 8 25.89
1 9 19.55
2 3 22.71
2 4 18.04
2 5 93.24
2 6 8.13
2 7 67.23
2 8 94.27
2 9 46.11
3 4 53.41
3 5 27.49
3 6 53.90
3 7 92.25
3 8 12.46
3 9 80.34
4 5 21.67
4 6 9.74
4 7 36.98
4 8 36.31
4 9 76.97
5 6 25.48
5 7 44.43
5 8 64.19
5 9 16.52
6 7 51.58
6 8 13.38
6 9 75.13
7 8 62.73
7 9 81.36
8 9 91.41
#
1 2 22.22
1 3 7.25
1 4 10.96
1 5 48.45
1 6 20.30
1 7 99.20
1 8 51.58
1 9 91.05
2 3 6.99
2 4 6.22
2 5 44.47
2 6 38.00
2 7 63.64
2 8 45.24
2 9 53.98
3 4 43.98
3 5 61.91
3 6 58.73
3 7 75.96
3 8 93.22
3 9 44.22
4 5 96.45
4 6 46.17
4 7 8.42
4 8 21.49
4 9 92.75
5 6 16.80
5 7 91.62
5 8 55.49
5 9 93.16
6 7 83.03
6 8 81.23
6 9 95.41
7 8 97.51
7 9 29.69
8 9 24.23
#
1 2 96.71
1 3 84.79
1 4 23.81
1 5 12.23
1 6 86.01
1 7 63.28
1 8 45.23
1 9 49.65
2 3 8.52
2 4 7.74
2 5 88.64
2 6 73.95
2 7 61.47
2 8 73.12
2 9 67.17
3 4 5.69
3 5 78.09
3 6 13.35
3 7 9.11
3 8 8.11
3 9 6.10
4 5 29.43
4 6 94.73
4 7 65.11
4 8 22.59
4 9 86.29
5 6 46.35
5 7 26.53
5 8 83.80
5 9 79.56
6 7 54.28
6 8 89.04
6 9 64.35
7 8 73.09
7 9 9.79
8 9 58.89
#
1 2 44.89
1 3 58.54
1 4 8.54
1 5 56.93
1 6 61.28
1 7 5.70
1 8 30.88
1 9 22.75
2 3 82.35
2 4 93.06
2 5 23.45
2 6 60.44
2 7 14.93
2 8 36.08
2 9 72.07
3 4 16.03
3 5 60.52
3 6 66.81
3 7 84.67
3 8 86.63
3 9 61.62
4 5 39.54
4 6 21.68
4 7 53.94
4 8 19.10
4 9 70.97
5 6 51.50
5 7 86.97
5 8 44.06
5 9 56.29
6 7 45.86
6 8 83.96
6 9 23.36
7 8 49.41
7 9 40.89
8 9 79.64
#
1 2 58.63
1 3 66.78
1 4 10.92
1 5 40.98
1 6 68.36
1 7 37.89
1 8 9.95
1 9 78.29
2 3 68.97
2 4 77.02
2 5 97.84
2 6 38.01
2 7 52.35
2 8 82.51
2 9 24.65
3 4 22.49
3 5 30.57
3 6 41.33
3 7 79.96
3 8 44.67
3 9 12.30
4 5 31.46
4 6 40.17
4 7 59.89
4 8 91.28
4 9 81.03
5 6 43.85
5 7 14.64
5 8 38.96
5 9 88.26
6 7 89.28
6 8 92.60
6 9 63.56
7 8 95.20
7 9 42.10
8 9 31.92
#
1 2 33.09
1 3 55.57
1 4 10.21
1 5 10.59
1 6 32.60
1 7 8.06
1 8 43.60
1 9 88.47
2 3 94.09
2 4 71.77
2 5 19.49
2 6 24.67
2 7 13.11
2 8 94.45
2 9 72.86
3 4 28.93
3 5 25.91
3 6 13.03
3 7 92.34
3 8 17.19
3 9 89.07
4 5 44.71
4 6 35.35
4 7 36.55
4 8 32.98
4 9 24.64
5 6 29.15
5 7 91.54
5 8 28.36
5 9 74.78
6 7 31.99
6 8 64.98
6 9 30.35
7 8 45.72
7 9 70.57
8 9 66.47
#
1 2 48.78
1 3 14.17
1 4 63.47
1 5 51.40
1 6 80.95
1 7 77.96
1 8 71.07
1 9 97.58
2 3 72.41
2 4 52.45
2 5 35.03
2 6 6.84
2 7 60.49
2 8 27.38
2 9 27.56
3 4 58.08
3 5 67.09
3 6 57.91
3 7 89.63
3 8 8.59
3 9 86.07
4 5 18.79
4 6 8.66
4 7 14.44
4 8 97.09
4 9 35.65
5 6 74.42
5 7 35.96
5 8 76.37
5 9 53.51
6 7 10.96
6 8 33.68
6 9 62.68
7 8 69.43
7 9 88.60
8 9 52.15
#
1 2 55.91
1 3 59.67
1 4 49.73
1 5 36.84
1 6 20.64
1 7 88.29
1 8 47.20
1 9 76.13
2 3 24.19
2 4 69.76
2 5 34.21
2 6 94.80
2 7 36.20
2 8 23.85
2 9 98.40
3 4 22.27
3 5 46.16
3 6 15.58
3 7 40.23
3 8 51.77
3 9 54.75
4 5 23.17
4 6 82.73
4 7 39.64
4 8 71.68
4 9 88.69
5 6 68.32
5 7 42.89
5 8 66.64
5 9 65.44
6 7 90.04
6 8 31.07
6 9 33.63
7 8 48.30
7 9 62.91
8 9 49.28
#
1 2 36.59
1 3 18.64
1 4 25.41
1 5 64.30
1 6 83.40
1 7 63.15
1 8 59.10
1 9 19.60
2 3 82.00
2 4 66.02
2 5 45.40
2 6 36.68
2 7 76.60
2 8 89.15
2 9 83.45
3 4 31.35
3 5 12.33
3 6 66.18
3 7 66.00
3 8 87.53
3 9 63.40
4 5 42.84
4 6 30.42
4 7 38.56
4 8 8.29
4 9 20.47
5 6 73.16
5 7 36.92
5 8 72.29
5 9 44.59
6 7 81.20
6 8 17.40
6 9 58.23
7 8 15.14
7 9 76.70
8 9 41.64
#
1 2 73.29
1 3 35.80
1 4 64.76
1 5 55.29
1 6 96.83
1 7 18.68
1 8 95.49
1 9 81.95
2 3 7.84
2 4 78.94
2 5 13.31
2 6 23.69
2 7 53.64
2 8 82.83
2 9 11.22
3 4 17.04
3 5 34.19
3 6 36.65
3 7 59.13
3 8 37.48
3 9 60.64
4 5 32.29
4 6 77.93
4 7 32.93
4 8 80.40
4 9 59.13
5 6 45.33
5 7 38.64
5 8 77.79
5 9 22.03
6 7 83.80
6 8 51.08
6 9 61.35
7 8 57.08
7 9 14.89
8 9 66.70
#
1 2 70.77
1 3 10.38
1 4 48.66
1 5 82.13
1 6 84.32
1 7 56.97
1 8 5.82
1 9 46.49
2 3 48.32
2 4 12.04
2 5 67.05
2 6 77.51
2 7 52.21
2 8 26.18
2 9 23.52
3 4 12.85
3 5 61.99
3 6 96.45
3 7 40.78
3 8 42.40
3 9 64.10
4 5 89.63
4 6 84.56
4 7 41.90
4 8 20.18
4 9 68.36
5 6 87.98
5 7 76.54
5 8 25.44
5 9 11.40
6 7 43.24
6 8 99.73
6 9 16.78
7 8 86.90
7 9 81.86
8 9 9.63
#
1 2 52.39
1 3 82.68
1 4 51.12
1 5 9.23
1 6 98.25
1 7 26.69
1 8 81.75
1 9 50.46
2 3 47.88
2 4 5.27
2 5 58.32
2 6 18.39
2 7 10.24
2 8 7.62
2 9 64.31
3 4 69.34
3 5 92.26
3 6 48.87
3 7 11.24
3 8 12.44
3 9 25.75
4 5 7.75
4 6 92.50
4 7 46.20
4 8 14.15
4 9 44.27
5 6 45.93
5 7 34.45
5 8 39.69
5 9 36.32
6 7 47.60
6 8 95.61
6 9 19.00
7 8 7.24
7 9 99.84
8 9 25.77
#
1 2 28.94
1 3 90.11
1 4 71.24
1 5 80.34
1 6 90.38
1 7 38.08
1 8 7.25
1 9 95.62
2 3 40.70
2 4 66.57
2 5 73.49
2 6 41.48
2 7 15.44
2 8 79.73
2 9 57.45
3 4 44.72
3 5 91.00
3 6 49.95
3 7 85.92
3 8 13.67
3 9 97.74
4 5 40.37
4 6 51.65
4 7 37.44
4 8 71.69
4 9 94.25
5 6 33.05
5 7 94.22
5 8 10.02
5 9 41.41
6 7 19.99
6 8 42.48
6 9 31.53
7 8 94.75
7 9 22.82
8 9 30.43
#
1 2 32.83
1 3 25.07
1 4 34.58
1 5 77.06
1 6 95.16
1 7 8.07
1 8 27.06
1 9 19.13
2 3 91.32
2 4 79.51
2 5 58.85
2 6 82.33
2 7 37.99
2 8 44.77
2 9 91.00
3 4 35.73
3 5 88.66
3 6 51.17
3 7 76.69
3 8 68.88
3 9 45.43
4 5 18.26
4 6 71.62
4 7 58.97
4 8 54.68
4 9 95.13
5 6 96.45
5 7 81.21
5 8 89.89
5 9 27.79
6 7 20.16
6 8 31.24
6 9 47.86
7 8 49.74
7 9 16.82
8 9 43.03
#
1 2 52.81
1 3 38.89
1 4 65.68
1 5 52.66
1 6 26.92
1 7 24.53
1 8 34.99
1 9 59.91
2 3 72.82
2 4 34.51
2 5 99.17
2 6 61.48
2 7 80.69
2 8 75.86
2 9 38.88
3 4 34.64
3 5 89.13
3 6 10.50
3 7 88.61
3 8 52.33
3 9 14.16
4 5 93.58
4 6 33.54
4 7 12.57
4 8 21.37
4 9 48.70
5 6 47.33
5 7 72.75
5 8 6.97
5 9 59.16
6 7 24.30
6 8 63.30
6 9 93.05
7 8 84.98
7 9 15.96
8 9 28.49
#
1 2 9.51
1 3 54.47
1 4 83.41
1 5 77.33
1 6 92.51
1 7 91.10
1 8 47.34
1 9 73.20
2 3 75.48
2 4 81.22
2 5 16.36
2 6 73.13
2 7 95.25
2 8 13.49
2 9 25.46
3 4 9.41
3 5 7.07
3 6 62.52
3 7 25.50
3 8 23.44
3 9 19.75
4 5 67.83
4 6 99.71
4 7 21.72
4 8 26.99
4 9 24.02
5 6 80.02
5 7 28.56
5 8 9.00
5 9 99.51
6 7 52.06
6 8 13.52
6 9 53.98
7 8 43.99
7 9 94.37
8 9 46.49
#
1 2 35.09
1 3 41.71
1 4 28.21
1 5 10.57
1 6 31.46
1 7 39.57
1 8 78.71
1 9 26.71
2 3 48.06
2 4 99.17
2 5 39.64
2 6 58.65
2 7 70.22
2 8 68.66
2 9 85.61
3 4 84.97
3 5 36.49
3 6 85.33
3 7 6.69
3 8 58.49
3 9 9.35
4 5 90.23
4 6 90.57
4 7 13.35
4 8 89.74
4 9 42.63
5 6 21.87
5 7 43.73
5 8 90.14
5 9 24.77
6 7 85.22
6 8 25.23
6 9 61.48
7 8 13.44
7 9 39.33
8 9 87.94
#
1 2 56.53
1 3 18.04
1 4 23.17
1 5 13.12
1 6 25.73
1 7 66.33
1 8 66.77
1 9 90.95
2 3 34.99
2 4 52.39
2 5 75.92
2 6 66.49
2 7 37.72
2 8 86.13
2 9 33.50
3 4 42.07
3 5 76.37
3 6 32.59
3 7 58.94
3 8 66.11
3 9 78.75
4 5 84.34
4 6 9.84
4 7 68.89
4 8 9.11
4 9 98.59
5 6 97.65
5 7 65.59
5 8 20.55
5 9 36.98
6 7 62.06
6 8 72.08
6 9 58.54
7 8 88.75
7 9 88.72
8 9 79.27
#
1 2 55.09
1 3 55.50
1 4 78.75
1 5 93.60
1 6 7.89
1 7 63.19
1 8 68.61
1 9 49.13
2 3 49.33
2 4 10.63
2 5 86.20
2 6 25.70
2 7 38.23
2 8 45.14
2 9 95.33
3 4 16.98
3 5 29.48
3 6 13.70
3 7 89.39
3 8 42.11
3 9 12.29
4 5 87.04
4 6 7.71
4 7 36.36
4 8 24.02
4 9 73.29
5 6 16.96
5 7 86.08
5 8 62.04
5 9 5.69
6 7 65.36
6 8 17.13
6 9 56.19
7 8 52.63
7 9 10.74
8 9 67.60
#
1 2 24.34
1 3 82.87
1 4 16.73
1 5 68.67
1 6 88.51
1 7 11.45
1 8 97.89
1 9 35.26
2 3 60.11
2 4 6.75
2 5 47.24
2 6 93.12
2 7 15.45
2 8 45.15
2 9 35.23
3 4 22.74
3 5 32.20
3 6 46.46
3 7 62.62
3 8 59.74
3 9 19.75
4 5 74.58
4 6 45.83
4 7 76.80
4 8 75.27
4 9 19.71
5 6 97.45
5 7 39.98
5 8 75.86
5 9 16.71
6 7 7.58
6 8 95.20
6 9 94.59
7 8 27.83
7 9 72.40
8 9 83.10
#
1 2 42.80
1 3 70.29
1 4 18.36
1 5 11.44
1 6 72.04
1 7 69.12
1 8 99.56
1 9 82.49
2 3 22.79
2 4 43.31
2 5 13.75
2 6 49.99
2 7 84.78
2 8 79.89
2 9 18.26
3 4 99.53
3 5 54.48
3 6 67.61
3 7 84.85
3 8 38.27
3 9 82.32
4 5 82.31
4 6 73.26
4 7 66.70
4 8 94.02
4 9 84.36
5 6 61.90
5 7 88.61
5 8 12.20
5 9 34.30
6 7 80.23
6 8 58.52
6 9 13.12
7 8 7.11
7 9 64.96
8 9 88.68
#
1 2 79.75
1 3 64.52
1 4 79.70
1 5 97.55
1 6 16.36
1 7 88.45
1 8 56.06
1 9 96.14
2 3 76.87
2 4 69.32
2 5 9.19
2 6 31.35
2 7 36.93
2 8 89.05
2 9 64.62
3 4 27.77
3 5 79.88
3 6 37.88
3 7 89.47
3 8 73.90
3 9 30.77
4 5 51.38
4 6 71.04
4 7 46.49
4 8 89.20
4 9 59.79
5 6 5.01
5 7 97.32
5 8 61.91
5 9 64.98
6 7 86.01
6 8 41.66
6 9 38.02
7 8 65.71
7 9 47.73
8 9 49.38
#
1 2 62.68
1 3 98.80
1 4 54.04
1 5 39.55
1 6 68.12
1 7 66.76
1 8 74.42
1 9 13.58
2 3 64.33
2 4 39.05
2 5 36.35
2 6 44.21
2 7 80.45
2 8 25.83
2 9 26.63
3 4 19.74
3 5 80.73
3 6 92.67
3 7 61.23
3 8 69.93
3 9 52.47
4 5 61.25
4 6 75.78
4 7 22.90
4 8 34.75
4 9 70.31
5 6 68.08
5 7 76.29
5 8 36.02
5 9 15.82
6 7 25.68
6 8 7.22
6 9 14.62
7 8 83.24
7 9 50.30
8 9 86.26
#
1 2 50.00
1 3 24.72
1 4 94.84
1 5 22.85
1 6 67.29
1 7 31.20
1 8 62.06
1 9 56.27
2 3 60.55
2 4 83.70
2 5 71.01
2 6 41.28
2 7 84.89
2 8 32.25
2 9 19.73
3 4 45.88
3 5 97.02
3 6 90.51
3 7 72.30
3 8 31.77
3 9 60.82
4 5 40.39
4 6 8.06
4 7 5.36
4 8 59.73
4 9 37.26
5 6 16.11
5 7 69.35
5 8 29.03
5 9 69.93
6 7 55.61
6 8 82.55
6 9 89.65
7 8 50.46
7 9 5.41
8 9 65.47
#
1 2 85.18
1 3 62.47
1 4 21.74
1 5 45.73
1 6 54.69
1 7 96.27
1 8 90.53
1 9 39.59
2 3 28.52
2 4 10.26
2 5 88.99
2 6 34.06
2 7 9.30
2 8 61.30
2 9 60.83
3 4 73.64
3 5 10.21
3 6 72.42
3 7 82.53
3 8 64.94
3 9 18.20
4 5 93.64
4 6 42.81
4 7 42.23
4 8 72.09
4 9 93.42
5 6 24.79
5 7 70.26
5 8 52.40
5 9 25.20
6 7 35.73
6 8 46.10
6 9 91.19
7 8 60.99
7 9 86.83
8 9 45.89
#
1 2 57.27
1 3 77.36
1 4 89.00
1 5 89.31
1 6 91.15
1 7 86.51
1 8 23.38
1 9 95.45
2 3 47.81
2 4 87.73
2 5 69.09
2 6 61.54
2 7 60.15
2 8 51.62
2 9 26.48
3 4 73.36
3 5 53.78
3 6 64.29
3 7 15.59
3 8 25.87
3 9 66.24
4 5 43.90
4 6 91.14
4 7 27.16
4 8 64.10
4 9 35.39
5 6 68.27
5 7 55.30
5 8 91.39
5 9 63.62
6 7 9.71
6 8 57.18
6 9 49.51
7 8 93.71
7 9 55.01
8 9 40.66
#
1 2 80.22
1 3 73.39
1 4 36.11
1 5 36.56
1 6 69.65
1 7 13.72
1 8 93.10
1 9 29.80
2 3 60.35
2 4 28.11
2 5 11.68
2 6 22.65
2 7 95.92
2 8 30.80
2 9 43.53
3 4 70.68
3 5 69.70
3 6 43.19
3 7 6.37
3 8 42.33
3 9 73.58
4 5 78.16
4 6 6.15
4 7 73.49
4 8 41.78
4 9 10.86
5 6 39.19
5 7 94.81
5 8 13.09
5 9 89.21
6 7 35.47
6 8 96.83
6 9 71.12
7 8 66.58
7 9 33.39
8 9 40.77
#
1 2 75.31
1 3 35.02
1 4 74.10
1 5 44.18
1 6 66.65
1 7 89.30
1 8 61.83
1 9 62.57
2 3 20.10
2 4 13.88
2 5 41.78
2 6 93.33
2 7 60.59
2 8 43.15
2 9 35.66
3 4 42.70
3 5 29.83
3 6 36.81
3 7 24.71
3 8 66.61
3 9 51.19
4 5 58.91
4 6 69.95
4 7 59.28
4 8 56.64
4 9 5.42
5 6 56.11
5 7 27.76
5 8 75.53
5 9 93.03
6 7 72.06
6 8 59.36
6 9 28.05
7 8 54.68
7 9 12.06
8 9 89.70
#
1 2 43.98
1 3 77.41
1 4 60.79
1 5 67.61
1 6 94.82
1 7 11.09
1 8 60.94
1 9 55.41
2 3 49.24
2 4 91.60
2 5 6.63
2 6 82.59
2 7 36.93
2 8 26.35
2 9 57.73
3 4 83.12
3 5 80.26
3 6 27.68
3 7 42.40
3 8 45.42
3 9 28.10
4 5 7.03
4 6 68.18
4 7 12.15
4 8 95.06
4 9 48.76
5 6 66.51
5 7 23.11
5 8 11.96
5 9 73.57
6 7 21.33
6 8 50.95
6 9 59.51
7 8 85.65
7 9 18.56
8 9 54.33
#
1 2 91.74
1 3 83.02
1 4 9.74
1 5 49.51
1 6 74.62
1 7 11.38
1 8 32.10
1 9 20.07
2 3 41.25
2 4 84.83
2 5 98.19
2 6 21.51
2 7 12.51
2 8 49.11
2 9 61.93
3 4 44.14
3 5 51.14
3 6 38.63
3 7 51.29
3 8 46.21
3 9 90.92
4 5 26.33
4 6 72.84
4 7 97.88
4 8 8.42
4 9 97.70
5 6 57.35
5 7 62.93
5 8 83.35
5 9 79.43
6 7 17.26
6 8 83.61
6 9 62.45
7 8 30.53
7 9 41.64
8 9 45.59
#
1 2 36.91
1 3 68.75
1 4 69.18
1 5 73.16
1 6 62.10
1 7 67.37
1 8 98.19
1 9 78.14
2 3 25.00
2 4 68.64
2 5 22.28
2 6 71.15
2 7 15.79
2 8 77.09
2 9 25.88
3 4 6.71
3 5 98.42
3 6 93.72
3 7 13.12
3 8 6.85
3 9 99.94
4 5 73.99
4 6 64.78
4 7 83.29
4 8 61.95
4 9 85.57
5 6 75.43
5 7 32.92
5 8 16.10
5 9 17.07
6 7 82.04
6 8 48.01
6 9 89.34
7 8 51.22
7 9 29.69
8 9 51.45
#
1 2 18.60
1 3 36.40
1 4 38.11
1 5 38.60
1 6 5.04
1 7 55.39
1 8 18.27
1 9 24.35
2 3 41.00
2 4 39.15
2 5 34.59
2 6 39.43
2 7 41.40
2 8 42.71
2 9 49.80
3 4 41.34
3 5 25.22
3 6 23.10
3 7 33.16
3 8 82.17
3 9 8.67
4 5 17.11
4 6 23.62
4 7 19.77
4 8 29.18
4 9 5.66
5 6 62.78
5 7 27.05
5 8 51.88
5 9 95.99
6 7 82.02
6 8 74.00
6 9 32.39
7 8 20.13
7 9 21.13
8 9 40.95
#
1 2 79.04
1 3 34.40
1 4 60.31
1 5 20.04
1 6 77.08
1 7 89.90
1 8 54.47
1 9 27.00
2 3 41.13
2 4 12.79
2 5 71.86
2 6 69.87
2 7 30.90
2 8 13.54
2 9 60.57
3 4 34.57
3 5 25.65
3 6 79.19
3 7 49.35
3 8 58.36
3 9 79.85
4 5 20.65
4 6 80.41
4 7 31.73
4 8 16.65
4 9 62.43
5 6 14.26
5 7 52.56
5 8 86.08
5 9 30.39
6 7 97.04
6 8 65.12
6 9 59.79
7 8 57.35
7 9 80.16
8 9 45.39
#
1 2 55.77
1 3 43.16
1 4 67.39
1 5 5.42
1 6 50.95
1 7 39.26
1 8 70.29
1 9 76.85
2 3 47.80
2 4 30.86
2 5 11.43
2 6 76.98
2 7 10.05
2 8 55.78
2 9 35.34
3 4 93.42
3 5 71.43
3 6 24.27
3 7 33.68
3 8 91.60
3 9 90.22
4 5 42.94
4 6 44.17
4 7 76.30
4 8 68.33
4 9 41.21
5 6 41.42
5 7 28.12
5 8 7.08
5 9 30.10
6 7 77.04
6 8 57.85
6 9 68.26
7 8 44.43
7 9 66.79
8 9 27.74
#
1 2 87.21
1 3 37.08
1 4 99.59
1 5 35.02
1 6 62.95
1 7 19.54
1 8 12.00
1 9 76.52
2 3 70.32
2 4 50.86
2 5 69.95
2 6 50.28
2 7 70.13
2 8 98.63
2 9 50.40
3 4 60.35
3 5 41.57
3 6 98.09
3 7 36.65
3 8 9.90
3 9 47.82
4 5 81.59
4 6 41.54
4 7 49.90
4 8 11.69
4 9 18.58
5 6 16.27
5 7 83.48
5 8 66.54
5 9 78.06
6 7 11.22
6 8 53.75
6 9 23.67
7 8 10.81
7 9 92.29
8 9 81.62
#
1 2 25.36
1 3 12.81
1 4 66.66
1 5 99.20
1 6 58.67
1 7 36.61
1 8 58.00
1 9 28.80
2 3 43.76
2 4 8.41
2 5 92.67
2 6 88.85
2 7 6.50
2 8 29.32
2 9 93.75
3 4 49.33
3 5 10.91
3 6 43.82
3 7 7.75
3 8 26.13
3 9 65.92
4 5 27.55
4 6 9.61
4 7 32.46
4 8 14.13
4 9 15.83
5 6 89.74
5 7 32.80
5 8 30.16
5 9 82.03
6 7 22.94
6 8 50.52
6 9 98.37
7 8 84.61
7 9 58.25
8 9 57.04
#
1 2 29.74
1 3 16.25
1 4 89.37
1 5 68.51
1 6 28.18
1 7 82.04
1 8 57.36
1 9 29.69
2 3 19.89
2 4 59.64
2 5 82.54
2 6 34.32
2 7 11.98
2 8 93.81
2 9 55.45
3 4 72.90
3 5 21.36
3 6 68.58
3 7 13.89
3 8 30.50
3 9 79.41
4 5 98.63
4 6 58.30
4 7 18.10
4 8 89.18
4 9 76.25
5 6 72.14
5 7 87.55
5 8 69.38
5 9 30.39
6 7 44.60
6 8 94.12
6 9 50.17
7 8 42.49
7 9 71.15
8 9 73.35
#
1 2 33.05
1 3 28.52
1 4 11.56
1 5 47.94
1 6 91.68
1 7 97.62
1 8 77.27
1 9 12.18
2 3 91.44
2 4 41.24
2 5 80.08
2 6 21.32
2 7 9.83
2 8 97.49
2 9 46.82
3 4 92.76
3 5 96.12
3 6 13.65
3 7 10.86
3 8 85.31
3 9 93.42
4 5 78.01
4 6 81.38
4 7 62.80
4 8 16.92
4 9 34.50
5 6 65.44
5 7 62.09
5 8 71.99
5 9 36.60
6 7 43.97
6 8 5.05
6 9 68.64
7 8 50.53
7 9 56.51
8 9 60.32
#
1 2 48.16
1 3 33.78
1 4 76.02
1 5 48.12
1 6 78.55
1 7 56.10
1 8 64.44
1 9 91.90
2 3 53.60
2 4 19.79
2 5 84.66
2 6 58.24
2 7 36.96
2 8 99.05
2 9 52.07
3 4 30.38
3 5 85.58
3 6 33.46
3 7 96.70
3 8 97.50
3 9 62.96
4 5 62.14
4 6 59.60
4 7 43.48
4 8 93.74
4 9 98.57
5 6 52.05
5 7 62.38
5 8 57.62
5 9 8.56
6 7 31.22
6 8 14.30
6 9 37.35
7 8 7.24
7 9 57.42
8 9 24.42
#
1 2 66.87
1 3 30.39
1 4 16.32
1 5 28.99
1 6 45.18
1 7 95.98
1 8 82.23
1 9 85.66
2 3 8.55
2 4 42.83
2 5 16.04
2 6 89.13
2 7 79.81
2 8 21.26
2 9 86.64
3 4 51.29
3 5 78.40
3 6 54.76
3 7 89.77
3 8 80.67
3 9 61.85
4 5 41.82
4 6 51.57
4 7 19.47
4 8 45.39
4 9 77.80
5 6 28.78
5 7 86.26
5 8 88.56
5 9 89.72
6 7 19.20
6 8 55.43
6 9 20.11
7 8 30.52
7 9 79.42
8 9 68.81
#
1 2 35.02
1 3 70.18
1 4 54.47
1 5 38.58
1 6 21.53
1 7 74.03
1 8 27.71
1 9 96.34
2 3 98.81
2 4 14.35
2 5 47.63
2 6 85.74
2 7 72.63
2 8 45.93
2 9 66.41
3 4 34.48
3 5 91.27
3 6 17.98
3 7 48.96
3 8 45.18
3 9 99.30
4 5 81.26
4 6 39.96
4 7 87.87
4 8 70.98
4 9 54.16
5 6 43.30
5 7 94.62
5 8 79.68
5 9 31.25
6 7 71.95
6 8 14.71
6 9 9.95
7 8 34.95
7 9 48.29
8 9 26.48
#
1 2 8.98
1 3 79.52
1 4 31.34
1 5 16.32
1 6 88.88
1 7 73.97
1 8 97.06
1 9 61.51
2 3 28.42
2 4 63.47
2 5 99.52
2 6 19.70
2 7 84.97
2 8 48.48
2 9 59.88
3 4 84.28
3 5 29.74
3 6 94.85
3 7 72.15
3 8 9.24
3 9 49.01
4 5 23.97
4 6 98.86
4 7 37.22
4 8 50.22
4 9 79.34
5 6 55.45
5 7 55.17
5 8 14.29
5 9 98.74
6 7 85.17
6 8 26.79
6 9 86.78
7 8 16.51
7 9 38.11
8 9 75.66
#
1 2 94.01
1 3 35.17
1 4 45.70
1 5 22.43
1 6 93.64
1 7 53.74
1 8 37.13
1 9 78.62
2 3 97.22
2 4 5.54
2 5 62.90
2 6 35.48
2 7 8.91
2 8 43.57
2 9 39.72
3 4 61.44
3 5 62.54
3 6 47.11
3 7 93.66
3 8 12.77
3 9 26.45
4 5 49.11
4 6 71.46
4 7 44.26
4 8 56.37
4 9 56.64
5 6 66.05
5 7 43.16
5 8 76.67
5 9 99.17
6 7 27.34
6 8 70.68
6 9 34.34
7 8 76.56
7 9 88.12
8 9 36.51
#
1 2 30.30
1 3 33.77
1 4 23.65
1 5 36.04
1 6 42.83
1 7 90.07
1 8 66.52
1 9 46.74
2 3 33.64
2 4 14.77
2 5 8.19
2 6 99.70
2 7 56.88
2 8 10.37
2 9 12.47
3 4 86.85
3 5 63.01
3 6 87.46
3 7 31.11
3 8 19.38
3 9 52.62
4 5 5.68
4 6 66.06
4 7 29.29
4 8 99.85
4 9 96.93
5 6 8.50
5 7 42.72
5 8 73.49
5 9 91.62
6 7 82.75
6 8 12.32
6 9 33.91
7 8 6.40
7 9 43.36
8 9 71.75
#
1 2 91.47
1 3 9.89
1 4 18.49
1 5 33.63
1 6 19.66
1 7 30.20
1 8 33.33
1 9 80.06
2 3 44.10
2 4 49.33
2 5 75.43
2 6 7.11
2 7 45.31
2 8 15.06
2 9 30.01
3 4 92.93
3 5 24.26
3 6 91.08
3 7 30.74
3 8 24.12
3 9 88.01
4 5 34.24
4 6 70.36
4 7 70.02
4 8 25.86
4 9 53.11
5 6 77.34
5 7 63.30
5 8 54.51
5 9 20.71
6 7 35.05
6 8 54.50
6 9 34.12
7 8 57.06
7 9 91.65
8 9 57.30
#
1 2 90.79
1 3 24.98
1 4 45.88
1 5 34.89
1 6 77.83
1 7 29.83
1 8 37.00
1 9 23.14
2 3 48.41
2 4 62.01
2 5 16.07
2 6 67.67
2 7 61.61
2 8 41.82
2 9 86.79
3 4 58.14
3 5 71.06
3 6 65.67
3 7 28.17
3 8 5.45
3 9 18.78
4 5 14.03
4 6 72.27
4 7 76.81
4 8 38.26
4 9 7.32
5 6 39.83
5 7 67.38
5 8 67.90
5 9 31.48
6 7 33.20
6 8 67.21
6 9 59.99
7 8 74.08
7 9 97.10
8 9 37.82
#
1 2 12.43
1 3 42.62
1 4 64.49
1 5 55.84
1 6 13.16
1 7 84.08
1 8 23.52
1 9 69.77
2 3 25.90
2 4 18.83
2 5 36.44
2 6 5.49
2 7 79.51
2 8 59.61
2 9 14.46
3 4 6.81
3 5 68.64
3 6 81.73
3 7 78.63
3 8 6.91
3 9 92.57
4 5 26.98
4 6 77.81
4 7 68.99
4 8 53.47
4 9 11.02
5 6 36.21
5 7 13.46
5 8 88.62
5 9 41.83
6 7 54.80
6 8 9.58
6 9 79.46
7 8 19.29
7 9 60.42
8 9 87.62
#
1 2 98.38
1 3 87.46
1 4 65.91
1 5 32.80
1 6 14.82
1 7 97.35
1 8 41.81
1 9 97.85
2 3 65.48
2 4 59.79
2 5 99.66
2 6 42.65
2 7 50.04
2 8 86.81
2 9 44.56
3 4 51.13
3 5 13.80
3 6 30.89
3 7 28.65
3 8 62.27
3 9 45.43
4 5 59.86
4 6 79.25
4 7 42.58
4 8 96.69
4 9 42.57
5 6 47.16
5 7 84.67
5 8 56.87
5 9 16.10
6 7 80.81
6 8 63.77
6 9 98.57
7 8 46.73
7 9 5.09
8 9 21.91
#
1 2 52.60
1 3 50.43
1 4 19.76
1 5 18.09
1 6 18.74
1 7 19.42
1 8 55.74
1 9 63.79
2 3 14.76
2 4 8.82
2 5 23.44
2 6 23.56
2 7 43.23
2 8 47.09
2 9 89.35
3 4 83.67
3 5 15.47
3 6 68.60
3 7 26.25
3 8 20.69
3 9 19.69
4 5 76.93
4 6 5.36
4 7 71.56
4 8 96.55
4 9 81.18
5 6 43.85
5 7 95.12
5 8 36.43
5 9 52.47
6 7 17.03
6 8 92.55
6 9 11.42
7 8 40.31
7 9 10.64
8 9 25.16
#
1 2 54.74
1 3 69.90
1 4 92.47
1 5 64.50
1 6 82.24
1 7 24.44
1 8 91.58
1 9 25.48
2 3 66.53
2 4 80.93
2 5 17.67
2 6 85.53
2 7 58.05
2 8 47.44
2 9 6.22
3 4 72.74
3 5 24.37
3 6 15.10
3 7 52.83
3 8 20.92
3 9 91.28
4 5 5.20
4 6 24.57
4 7 36.23
4 8 52.67
4 9 45.12
5 6 28.79
5 7 67.61
5 8 80.44
5 9 42.95
6 7 87.78
6 8 43.70
6 9 12.86
7 8 88.77
7 9 8.20
8 9 98.62
#
1 2 13.21
1 3 8.30
1 4 24.10
1 5 83.27
1 6 84.23
1 7 36.77
1 8 68.80
1 9 42.28
2 3 79.21
2 4 78.54
2 5 15.02
2 6 12.10
2 7 88.64
2 8 71.37
2 9 36.55
3 4 88.45
3 5 71.58
3 6 56.12
3 7 24.68
3 8 32.77
3 9 9.76
4 5 56.99
4 6 95.39
4 7 93.72
4 8 94.95
4 9 91.69
5 6 37.42
5 7 16.33
5 8 80.46
5 9 49.14
6 7 14.95
6 8 97.20
6 9 52.44
7 8 34.06
7 9 88.99
8 9 36.67
#
1 2 74.35
1 3 66.31
1 4 82.47
1 5 62.09
1 6 44.85
1 7 6.02
1 8 69.19
1 9 33.49
2 3 72.39
2 4 5.74
2 5 21.94
2 6 43.97
2 7 65.38
2 8 50.15
2 9 71.75
3 4 78.67
3 5 7.14
3 6 75.66
3 7 72.39
3 8 97.09
3 9 67.35
4 5 9.82
4 6 21.94
4 7 56.33
4 8 62.48
4 9 31.90
5 6 62.05
5 7 14.93
5 8 69.48
5 9 59.56
6 7 55.12
6 8 43.83
6 9 25.87
7 8 46.12
7 9 5.92
8 9 74.24
#
1 2 47.14
1 3 78.64
1 4 16.26
1 5 19.53
1 6 87.90
1 7 33.20
1 8 67.03
1 9 53.29
2 3 86.87
2 4 47.30
2 5 40.48
2 6 97.54
2 7 31.48
2 8 12.87
2 9 94.63
3 4 93.83
3 5 26.21
3 6 25.10
3 7 58.68
3 8 83.70
3 9 52.00
4 5 20.74
4 6 7.15
4 7 21.48
4 8 75.30
4 9 65.79
5 6 68.83
5 7 9.70
5 8 11.91
5 9 69.76
6 7 78.94
6 8 54.05
6 9 56.92
7 8 90.20
7 9 77.11
8 9 44.82
#
1 2 31.93
1 3 52.66
1 4 6.63
1 5 27.32
1 6 94.96
1 7 42.11
1 8 24.86
1 9 26.44
2 3 58.51
2 4 28.02
2 5 28.79
2 6 88.24
2 7 48.12
2 8 82.47
2 9 71.94
3 4 95.12
3 5 11.73
3 6 82.61
3 7 25.12
3 8 90.56
3 9 48.41
4 5 88.95
4 6 95.26
4 7 55.32
4 8 67.23
4 9 82.72
5 6 9.38
5 7 32.67
5 8 81.45
5 9 90.01
6 7 72.50
6 8 21.90
6 9 42.67
7 8 82.65
7 9 44.22
8 9 46.15
#
1 2 33.29
1 3 64.09
1 4 76.11
1 5 86.80
1 6 87.11
1 7 99.90
1 8 75.04
1 9 43.75
2 3 90.89
2 4 55.51
2 5 47.39
2 6 97.63
2 7 38.12
2 8 67.51
2 9 96.71
3 4 90.05
3 5 64.98
3 6 91.97
3 7 45.38
3 8 32.22
3 9 83.21
4 5 58.28
4 6 59.89
4 7 64.66
4 8 48.29
4 9 40.91
5 6 81.56
5 7 85.96
5 8 32.09
5 9 34.31
6 7 32.11
6 8 60.38
6 9 93.40
7 8 8.22
7 9 55.70
8 9 89.03
#
1 2 16.64
1 3 39.26
1 4 41.30
1 5 7.53
1 6 89.77
1 7 83.69
1 8 13.68
1 9 36.42
2 3 59.72
2 4 10.39
2 5 26.47
2 6 24.70
2 7 10.88
2 8 75.37
2 9 60.44
3 4 97.62
3 5 33.65
3 6 28.86
3 7 62.28
3 8 76.94
3 9 64.77
4 5 52.37
4 6 71.42
4 7 91.86
4 8 81.68
4 9 98.53
5 6 60.76
5 7 83.60
5 8 15.27
5 9 16.46
6 7 81.15
6 8 26.91
6 9 50.73
7 8 22.45
7 9 37.97
8 9 40.50
#
1 2 14.66
1 3 55.17
1 4 80.44
1 5 69.38
1 6 69.09
1 7 15.44
1 8 89.08
1 9 74.97
2 3 85.81
2 4 49.53
2 5 81.11
2 6 27.99
2 7 73.39
2 8 43.40
2 9 13.45
3 4 46.68
3 5 99.29
3 6 79.88
3 7 38.55
3 8 89.49
3 9 86.93
4 5 7.83
4 6 73.09
4 7 97.21
4 8 19.30
4 9 62.76
5 6 32.64
5 7 65.03
5 8 80.21
5 9 65.61
6 7 14.05
6 8 98.39
6 9 29.31
7 8 98.02
7 9 67.77
8 9 93.40
#
1 2 13.46
1 3 56.85
1 4 76.89
1 5 7.79
1 6 14.90
1 7 58.01
1 8 39.30
1 9 83.29
2 3 9.93
2 4 47.76
2 5 38.50
2 6 9.22
2 7 27.64
2 8 80.57
2 9 93.71
3 4 14.57
3 5 83.40
3 6 75.32
3 7 20.30
3 8 97.70
3 9 38.08
4 5 47.95
4 6 71.25
4 7 26.81
4 8 22.08
4 9 80.31
5 6 25.20
5 7 46.39
5 8 78.33
5 9 87.97
6 7 39.79
6 8 95.31
6 9 53.34
7 8 16.69
7 9 98.10
8 9 63.25
#
1 2 78.22
1 3 45.93
1 4 55.06
1 5 83.15
1 6 88.69
1 7 88.56
1 8 87.37
1 9 24.85
2 3 77.65
2 4 89.60
2 5 42.94
2 6 61.06
2 7 64.92
2 8 58.25
2 9 67.28
3 4 98.00
3 5 14.72
3 6 38.54
3 7 24.81
3 8 31.80
3 9 18.85
4 5 45.01
4 6 81.72
4 7 5.70
4 8 41.50
4 9 30.03
5 6 96.01
5 7 89.84
5 8 41.72
5 9 7.63
6 7 61.61
6 8 28.46
6 9 48.56
7 8 16.68
7 9 11.61
8 9 37.25
#
1 2 13.76
1 3 93.98
1 4 65.62
1 5 86.42
1 6 83.58
1 7 8.57
1 8 56.00
1 9 48.50
2 3 70.34
2 4 23.28
2 5 55.02
2 6 88.58
2 7 56.82
2 8 74.83
2 9 20.38
3 4 70.67
3 5 28.36
3 6 10.62
3 7 79.89
3 8 64.86
3 9 35.66
4 5 75.90
4 6 54.71
4 7 80.90
4 8 78.54
4 9 16.32
5 6 9.37
5 7 35.62
5 8 36.52
5 9 15.98
6 7 76.40
6 8 53.81
6 9 18.49
7 8 42.02
7 9 40.23
8 9 10.59
#
1 2 54.11
1 3 99.75
1 4 62.62
1 5 24.45
1 6 23.03
1 7 17.64
1 8 13.03
1 9 74.86
2 3 96.00
2 4 36.94
2 5 54.05
2 6 24.36
2 7 51.08
2 8 33.95
2 9 92.75
3 4 81.74
3 5 18.37
3 6 55.98
3 7 71.17
3 8 91.91
3 9 75.82
4 5 75.54
4 6 36.06
4 7 12.35
4 8 95.04
4 9 12.46
5 6 69.68
5 7 22.05
5 8 58.00
5 9 18.43
6 7 36.17
6 8 12.12
6 9 18.18
7 8 93.79
7 9 40.09
8 9 36.21
#
1 2 19.95
1 3 56.65
1 4 19.59
1 5 15.95
1 6 97.11
1 7 77.17
1 8 43.84
1 9 48.19
2 3 11.12
2 4 36.59
2 5 38.46
2 6 33.01
2 7 96.09
2 8 9.63
2 9 33.45
3 4 71.91
3 5 88.69
3 6 64.51
3 7 87.78
3 8 92.25
3 9 71.97
4 5 57.46
4 6 14.31
4 7 29.97
4 8 70.89
4 9 45.48
5 6 45.61
5 7 84.07
5 8 47.79
5 9 80.71
6 7 28.81
6 8 62.74
6 9 37.36
7 8 43.40
7 9 82.22
8 9 34.47
#
1 2 29.09
1 3 34.58
1 4 86.18
1 5 43.73
1 6 74.69
1 7 24.64
1 8 71.75
1 9 70.78
2 3 29.27
2 4 5.20
2 5 42.69
2 6 26.48
2 7 64.71
2 8 39.00
2 9 18.74
3 4 45.20
3 5 99.98
3 6 36.57
3 7 78.69
3 8 70.88
3 9 85.57
4 5 24.31
4 6 63.47
4 7 33.36
4 8 13.54
4 9 87.28
5 6 99.62
5 7 45.90
5 8 39.21
5 9 81.84
6 7 83.89
6 8 63.30
6 9 24.94
7 8 70.07
7 9 15.56
8 9 94.63
#
1 2 98.24
1 3 82.31
1 4 65.41
1 5 27.51
1 6 82.51
1 7 16.63
1 8 49.00
1 9 47.22
2 3 59.15
2 4 71.26
2 5 95.94
2 6 59.13
2 7 7.83
2 8 74.63
2 9 30.01
3 4 88.40
3 5 93.94
3 6 97.01
3 7 21.76
3 8 7.48
3 9 92.81
4 5 29.90
4 6 56.90
4 7 40.54
4 8 20.27
4 9 49.31
5 6 12.37
5 7 40.21
5 8 27.91
5 9 22.93
6 7 34.85
6 8 26.15
6 9 5.24
7 8 8.78
7 9 57.18
8 9 82.75
#
1 2 28.93
1 3 14.70
1 4 38.49
1 5 83.08
1 6 80.96
1 7 34.43
1 8 42.22
1 9 83.79
2 3 9.06
2 4 75.75
2 5 80.71
2 6 11.53
2 7 72.76
2 8 10.99
2 9 22.53
3 4 74.10
3 5 35.90
3 6 74.44
3 7 14.64
3 8 51.17
3 9 32.27
4 5 22.01
4 6 86.38
4 7 63.70
4 8 39.94
4 9 29.75
5 6 84.85
5 7 40.18
5 8 33.54
5 9 50.56
6 7 31.45
6 8 57.47
6 9 60.26
7 8 64.94
7 9 49.08
8 9 49.75
#
1 2 7.89
1 3 86.30
1 4 42.06
1 5 11.96
1 6 62.05
1 7 22.78
1 8 18.49
1 9 43.34
2 3 28.77
2 4 36.02
2 5 25.96
2 6 59.67
2 7 18.98
2 8 35.60
2 9 19.36
3 4 54.78
3 5 52.62
3 6 5.75
3 7 18.48
3 8 96.08
3 9 39.02
4 5 11.86
4 6 44.79
4 7 76.08
4 8 57.42
4 9 71.24
5 6 33.56
5 7 26.20
5 8 44.71
5 9 77.64
6 7 70.95
6 8 47.60
6 9 72.46
7 8 13.02
7 9 63.08
8 9 43.03
#
1 2 30.80
1 3 85.09
1 4 89.89
1 5 63.09
1 6 29.64
1 7 15.85
1 8 31.29
1 9 52.14
2 3 46.46
2 4 45.65
2 5 6.92
2 6 7.60
2 7 54.92
2 8 28.93
2 9 12.20
3 4 88.95
3 5 35.79
3 6 51.99
3 7 65.03
3 8 96.73
3 9 31.76
4 5 7.11
4 6 22.93
4 7 79.99
4 8 88.27
4 9 97.41
5 6 27.59
5 7 60.73
5 8 18.95
5 9 94.20
6 7 12.29
6 8 53.27
6 9 79.29
7 8 97.18
7 9 16.36
8 9 8.93
#
1 2 13.04
1 3 42.65
1 4 64.60
1 5 63.02
1 6 83.31
1 7 66.52
1 8 74.14
1 9 46.75
2 3 98.97
2 4 81.34
2 5 35.70
2 6 43.28
2 7 33.34
2 8 9.26
2 9 40.01
3 4 68.62
3 5 11.37
3 6 66.47
3 7 48.61
3 8 8.17
3 9 72.40
4 5 79.72
4 6 63.90
4 7 86.35
4 8 73.92
4 9 79.71
5 6 39.62
5 7 53.22
5 8 76.90
5 9 59.50
6 7 65.67
6 8 93.46
6 9 97.16
7 8 38.79
7 9 56.48
8 9 88.99
#
1 2 13.84
1 3 30.62
1 4 35.74
1 5 12.81
1 6 20.48
1 7 74.97
1 8 51.10
1 9 48.82
2 3 79.23
2 4 94.63
2 5 25.96
2 6 94.12
2 7 69.62
2 8 69.57
2 9 97.29
3 4 50.54
3 5 49.30
3 6 69.72
3 7 36.89
3 8 23.22
3 9 49.43
4 5 80.03
4 6 79.96
4 7 34.85
4 8 39.54
4 9 54.16
5 6 28.31
5 7 45.22
5 8 96.47
5 9 88.31
6 7 42.73
6 8 10.31
6 9 27.45
7 8 81.99
7 9 18.13
8 9 42.94
#
1 2 56.96
1 3 72.75
1 4 95.28
1 5 44.71
1 6 75.90
1 7 21.25
1 8 38.84
1 9 45.53
2 3 94.34
2 4 44.65
2 5 91.07
2 6 43.64
2 7 22.89
2 8 36.49
2 9 70.39
3 4 67.33
3 5 16.52
3 6 58.87
3 7 10.70
3 8 59.58
3 9 21.55
4 5 34.02
4 6 99.80
4 7 18.03
4 8 30.85
4 9 51.05
5 6 23.34
5 7 53.31
5 8 33.05
5 9 44.99
6 7 99.77
6 8 93.53
6 9 26.26
7 8 95.05
7 9 38.25
8 9 97.17
#
1 2 24.82
1 3 80.61
1 4 51.22
1 5 19.17
1 6 33.78
1 7 42.29
1 8 66.33
1 9 51.68
2 3 82.30
2 4 36.72
2 5 27.53
2 6 7.35
2 7 99.12
2 8 33.23
2 9 61.93
3 4 29.19
3 5 70.77
3 6 70.26
3 7 50.74
3 8 96.63
3 9 21.31
4 5 77.61
4 6 58.46
4 7 57.88
4 8 22.60
4 9 58.23
5 6 51.42
5 7 43.87
5 8 61.80
5 9 93.19
6 7 49.56
6 8 81.63
6 9 82.32
7 8 95.78
7 9 95.80
8 9 16.10
#
1 2 46.59
1 3 62.13
1 4 71.30
1 5 28.90
1 6 7.38
1 7 93.83
1 8 31.25
1 9 15.02
2 3 27.07
2 4 96.70
2 5 39.21
2 6 6.36
2 7 66.96
2 8 84.96
2 9 11.51
3 4 91.80
3 5 62.57
3 6 64.97
3 7 49.68
3 8 88.69
3 9 31.72
4 5 9.62
4 6 41.08
4 7 88.53
4 8 97.81
4 9 85.64
5 6 70.16
5 7 88.65
5 8 89.94
5 9 65.96
6 7 99.76
6 8 36.54
6 9 36.61
7 8 79.58
7 9 68.96
8 9 38.99
#
1 2 73.42
1 3 8.73
1 4 49.01
1 5 9.01
1 6 5.43
1 7 91.75
1 8 10.37
1 9 75.92
2 3 85.23
2 4 25.41
2 5 76.24
2 6 56.32
2 7 85.38
2 8 34.44
2 9 45.01
3 4 17.11
3 5 39.07
3 6 89.62
3 7 5.64
3 8 45.40
3 9 83.78
4 5 70.80
4 6 34.06
4 7 73.73
4 8 45.28
4 9 42.34
5 6 10.27
5 7 76.89
5 8 21.92
5 9 82.75
6 7 24.41
6 8 90.34
6 9 86.48
7 8 76.94
7 9 7.87
8 9 95.43
#
1 2 68.69
1 3 21.77
1 4 79.87
1 5 62.44
1 6 42.18
1 7 56.11
1 8 18.76
1 9 36.08
2 3 85.56
2 4 67.30
2 5 48.19
2 6 24.63
2 7 56.92
2 8 57.35
2 9 73.55
3 4 40.70
3 5 36.67
3 6 7.61
3 7 14.43
3 8 76.95
3 9 44.95
4 5 28.22
4 6 62.37
4 7 61.88
4 8 10.97
4 9 81.78
5 6 60.74
5 7 5.97
5 8 58.72
5 9 72.14
6 7 96.41
6 8 35.94
6 9 88.91
7 8 76.28
7 9 6.90
8 9 39.61
#
1 2 40.92
1 3 20.67
1 4 70.69
1 5 26.48
1 6 91.49
1 7 18.89
1 8 54.63
1 9 48.41
2 3 71.24
2 4 28.18
2 5 92.63
2 6 7.92
2 7 39.32
2 8 15.59
2 9 88.39
3 4 79.27
3 5 47.33
3 6 50.76
3 7 49.67
3 8 53.31
3 9 41.06
4 5 18.94
4 6 62.80
4 7 8.31
4 8 86.08
4 9 67.73
5 6 47.77
5 7 74.99
5 8 52.54
5 9 49.67
6 7 14.60
6 8 88.46
6 9 65.34
7 8 88.81
7 9 23.46
8 9 65.35
#
1 2 7.70
1 3 73.09
1 4 13.76
1 5 82.47
1 6 9.79
1 7 14.92
1 8 93.91
1 9 44.11
2 3 25.51
2 4 82.30
2 5 31.91
2 6 67.84
2 7 41.59
2 8 85.10
2 9 29.67
3 4 77.65
3 5 99.04
3 6 87.48
3 7 89.48
3 8 85.12
3 9 63.73
4 5 37.25
4 6 68.63
4 7 16.27
4 8 81.93
4 9 86.75
5 6 99.73
5 7 55.79
5 8 75.57
5 9 23.19
6 7 21.15
6 8 86.79
6 9 99.80
7 8 38.43
7 9 77.78
8 9 9.60
#
1 2 48.35
1 3 71.69
1 4 57.23
1 5 77.38
1 6 62.52
1 7 92.66
1 8 45.23
1 9 12.63
2 3 77.77
2 4 78.42
2 5 93.80
2 6 85.33
2 7 74.42
2 8 83.29
2 9 70.46
3 4 38.16
3 5 20.54
3 6 47.61
3 7 49.43
3 8 10.99
3 9 42.89
4 5 49.17
4 6 61.79
4 7 26.98
4 8 75.88
4 9 86.46
5 6 22.29
5 7 75.69
5 8 24.89
5 9 95.08
6 7 88.81
6 8 76.77
6 9 66.77
7 8 54.56
7 9 54.15
8 9 37.81
#
1 2 47.23
1 3 7.90
1 4 45.44
1 5 25.00
1 6 81.33
1 7 39.25
1 8 10.33
1 9 55.75
2 3 31.06
2 4 84.31
2 5 88.91
2 6 55.12
2 7 40.45
2 8 38.35
2 9 61.12
3 4 86.86
3 5 91.04
3 6 31.43
3 7 13.84
3 8 66.92
3 9 17.89
4 5 31.13
4 6 51.13
4 7 46.30
4 8 26.21
4 9 39.94
5 6 23.07
5 7 96.51
5 8 89.51
5 9 80.75
6 7 34.32
6 8 36.74
6 9 83.65
7 8 83.29
7 9 65.26
8 9 64.98
#
1 2 31.06
1 3 79.11
1 4 29.26
1 5 57.12
1 6 71.95
1 7 18.17
1 8 12.24
1 9 12.40
2 3 60.04
2 4 76.88
2 5 7.78
2 6 59.60
2 7 8.31
2 8 16.62
2 9 35.05
3 4 29.72
3 5 51.27
3 6 81.18
3 7 71.03
3 8 81.01
3 9 21.13
4 5 97.62
4 6 77.52
4 7 19.16
4 8 78.37
4 9 20.36
5 6 59.42
5 7 62.03
5 8 12.17
5 9 33.20
6 7 35.53
6 8 38.23
6 9 12.31
7 8 59.79
7 9 98.87
8 9 87.78
#
1 2 81.49
1 3 11.12
1 4 95.18
1 5 50.05
1 6 83.00
1 7 11.48
1 8 9.66
1 9 94.84
2 3 23.10
2 4 39.71
2 5 24.56
2 6 77.90
2 7 29.41
2 8 99.11
2 9 58.91
3 4 54.06
3 5 96.74
3 6 44.95
3 7 68.22
3 8 83.63
3 9 68.83
4 5 36.16
4 6 54.18
4 7 76.01
4 8 64.36
4 9 84.72
5 6 14.24
5 7 80.20
5 8 53.03
5 9 21.64
6 7 67.98
6 8 43.04
6 9 27.76
7 8 71.69
7 9 88.10
8 9 19.28
#
1 2 78.17
1 3 6.28
1 4 22.64
1 5 9.80
1 6 49.51
1 7 42.21
1 8 82.70
1 9 73.92
2 3 41.32
2 4 50.13
2 5 27.99
2 6 46.58
2 7 90.08
2 8 99.73
2 9 30.22
3 4 58.91
3 5 35.90
3 6 87.92
3 7 43.44
3 8 8.78
3 9 72.64
4 5 61.21
4 6 83.98
4 7 34.20
4 8 77.85
4 9 51.97
5 6 72.24
5 7 14.13
5 8 23.66
5 9 60.34
6 7 28.41
6 8 96.83
6 9 61.62
7 8 54.58
7 9 6.63
8 9 11.13
#
1 2 91.79
1 3 92.85
1 4 88.58
1 5 41.63
1 6 42.98
1 7 25.09
1 8 83.22
1 9 33.06
2 3 24.82
2 4 21.96
2 5 95.50
2 6 64.24
2 7 9.88
2 8 38.94
2 9 76.55
3 4 86.05
3 5 95.15
3 6 60.53
3 7 28.77
3 8 73.00
3 9 21.02
4 5 96.01
4 6 82.13
4 7 39.68
4 8 64.88
4 9 19.07
5 6 45.04
5 7 35.02
5 8 77.17
5 9 55.19
6 7 49.68
6 8 68.96
6 9 48.05
7 8 38.26
7 9 19.11
8 9 86.03
#
1 2 66.87
1 3 10.85
1 4 19.10
1 5 95.21
1 6 36.33
1 7 23.12
1 8 67.98
1 9 41.22
2 3 57.06
2 4 44.53
2 5 35.79
2 6 60.74
2 7 5.06
2 8 59.56
2 9 42.26
3 4 21.09
3 5 64.09
3 6 32.92
3 7 64.29
3 8 37.49
3 9 55.51
4 5 9.33
4 6 67.52
4 7 32.68
4 8 68.05
4 9 25.72
5 6 10.16
5 7 16.10
5 8 67.50
5 9 24.27
6 7 97.13
6 8 34.37
6 9 30.13
7 8 24.75
7 9 29.58
8 9 61.46
#
