1 2 89.88
1 3 51.89
2 3 14.25
#
1 2 11.84
1 3 69.32
2 3 57.48
#
1 2 62.59
1 3 95.05
2 3 7.48
#
1 2 32.55
1 3 27.23
2 3 23.69
#
1 2 11.72
1 3 42.05
2 3 94.22
#
1 2 54.03
1 3 63.65
2 3 66.53
#
1 2 58.13
1 3 27.61
2 3 62.41
#
1 2 81.44
1 3 24.97
2 3 87.29
#
1 2 58.79
1 3 50.80
2 3 14.79
#
1 2 84.55
1 3 87.11
2 3 52.84
#
1 2 29.79
1 3 76.99
2 3 13.26
#
1 2 47.57
1 3 83.83
2 3 77.58
#
1 2 5.05
1 3 46.42
2 3 81.15
#
1 2 16.05
1 3 82.49
2 3 16.90
#
1 2 34.74
1 3 89.21
2 3 53.95
#
1 2 37.48
1 3 51.76
2 3 26.12
#
1 2 99.01
1 3 9.89
2 3 57.25
#
1 2 69.94
1 3 94.85
2 3 77.22
#
1 2 65.75
1 3 53.64
2 3 28.03
#
1 2 75.55
1 3 46.71
2 3 15.14
#
1 2 36.91
1 3 71.51
2 3 87.13
#
1 2 45.17
1 3 27.60
2 3 70.96
#
1 2 31.28
1 3 27.65
2 3 25.90
#
1 2 12.43
1 3 38.70
2 3 8.39
#
1 2 24.34
1 3 76.96
2 3 6.12
#
1 2 81.81
1 3 14.44
2 3 52.89
#
1 2 7.94
1 3 21.98
2 3 66.30
#
1 2 60.19
1 3 86.92
2 3 61.16
#
1 2 45.94
1 3 61.20
2 3 23.32
#
1 2 68.97
1 3 45.27
2 3 65.04
#
1 2 87.63
1 3 77.18
2 3 45.07
#
1 2 74.76
1 3 30.88
2 3 67.67
#
1 2 54.24
1 3 57.16
2 3 90.32
#
1 2 75.14
1 3 73.11
2 3 37.54
#
1 2 87.05
1 3 5.97
2 3 23.02
#
1 2 96.69
1 3 91.31
2 3 32.46
#
1 2 58.10
1 3 7.77
2 3 49.44
#
1 2 24.41
1 3 71.48
2 3 44.89
#
1 2 89.09
1 3 17.42
2 3 6.09
#
1 2 12.41
1 3 89.91
2 3 46.36
#
1 2 72.45
1 3 77.54
2 3 32.06
#
1 2 17.52
1 3 52.30
2 3 57.94
#
1 2 88.71
1 3 15.06
2 3 23.62
#
1 2 87.55
1 3 93.72
2 3 91.74
#
1 2 25.09
1 3 80.77
2 3 6.23
#
1 2 43.11
1 3 85.99
2 3 92.54
#
1 2 79.10
1 3 44.09
2 3 95.31
#
1 2 28.54
1 3 72.02
2 3 75.32
#
1 2 68.43
1 3 69.63
2 3 87.74
#
1 2 78.04
1 3 77.05
2 3 77.66
#
1 2 24.40
1 3 58.02
2 3 55.20
#
1 2 51.47
1 3 70.55
2 3 16.03
#
1 2 17.93
1 3 67.78
2 3 26.09
#
1 2 45.08
1 3 55.34
2 3 19.82
#
1 2 45.34
1 3 83.95
2 3 9.11
#
1 2 46.57
1 3 35.59
2 3 90.10
#
1 2 47.64
1 3 14.69
2 3 42.72
#
1 2 51.47
1 3 38.23
2 3 23.26
#
1 2 26.79
1 3 15.19
2 3 87.90
#
1 2 14.54
1 3 88.23
2 3 64.95
#
1 2 87.20
1 3 21.16
2 3 22.97
#
1 2 50.92
1 3 76.15
2 3 97.04
#
1 2 61.95
1 3 97.60
2 3 64.83
#
1 2 91.57
1 3 42.68
2 3 20.17
#
1 2 11.39
1 3 83.02
2 3 12.64
#
1 2 15.50
1 3 38.12
2 3 43.23
#
1 2 14.13
1 3 80.76
2 3 52.92
#
1 2 51.85
1 3 32.23
2 3 94.68
#
1 2 78.63
1 3 54.03
2 3 9.87
#
1 2 66.53
1 3 63.57
2 3 6.62
#
1 2 31.48
1 3 59.29
2 3 22.78
#
1 2 57.98
1 3 18.73
2 3 7.45
#
1 2 55.02
1 3 84.21
2 3 5.06
#
1 2 28.37
1 3 75.78
2 3 42.74
#
1 2 52.06
1 3 90.69
2 3 25.77
#
1 2 59.71
1 3 14.71
2 3 58.89
#
1 2 97.94
1 3 23.84
2 3 48.17
#
1 2 59.39
1 3 79.21
2 3 75.40
#
1 2 54.07
1 3 57.85
2 3 29.43
#
1 2 67.46
1 3 24.38
2 3 96.52
#
1 2 69.08
1 3 59.39
2 3 64.33
#
1 2 95.39
1 3 17.37
2 3 78.07
#
1 2 97.84
1 3 75.91
2 3 70.80
#
1 2 97.90
1 3 12.81
2 3 46.58
#
1 2 40.65
1 3 59.87
2 3 37.27
#
1 2 69.94
1 3 28.10
2 3 55.50
#
1 2 37.35
1 3 26.05
2 3 82.87
#
1 2 80.52
1 3 88.96
2 3 62.08
#
1 2 55.92
1 3 43.03
2 3 28.45
#
1 2 88.88
1 3 10.49
2 3 56.36
#
1 2 93.92
1 3 83.09
2 3 24.27
#
1 2 58.26
1 3 78.48
2 3 45.16
#
1 2 44.85
1 3 76.33
2 3 21.07
#
1 2 24.17
1 3 82.75
2 3 37.40
#
1 2 65.75
1 3 23.40
2 3 92.28
#
1 2 11.54
1 3 96.86
2 3 20.38
#
1 2 70.56
1 3 34.21
2 3 49.95
#
1 2 53.43
1 3 14.73
2 3 38.91
#
1 2 24.04
1 3 74.18
2 3 85.46
#
1 2 47.49
1 3 63.06
2 3 90.95
#
