1 2 89.88
1 3 51.89
1 4 14.25
1 5 11.84
1 6 69.32
2 3 57.48
2 4 62.59
2 5 95.05
2 6 7.48
3 4 32.55
3 5 27.23
3 6 23.69
4 5 11.72
4 6 42.05
5 6 94.22
#
1 2 54.03
1 3 63.65
1 4 66.53
1 5 58.13
1 6 27.61
2 3 62.41
2 4 81.44
2 5 24.97
2 6 87.29
3 4 58.79
3 5 50.80
3 6 14.79
4 5 84.55
4 6 87.11
5 6 52.84
#
1 2 29.79
1 3 76.99
1 4 13.26
1 5 47.57
1 6 83.83
2 3 77.58
2 4 5.05
2 5 46.42
2 6 81.15
3 4 16.05
3 5 82.49
3 6 16.90
4 5 34.74
4 6 89.21
5 6 53.95
#
1 2 37.48
1 3 51.76
1 4 26.12
1 5 99.01
1 6 9.89
2 3 57.25
2 4 69.94
2 5 94.85
2 6 77.22
3 4 65.75
3 5 53.64
3 6 28.03
4 5 75.55
4 6 46.71
5 6 15.14
#
1 2 36.91
1 3 71.51
1 4 87.13
1 5 45.17
1 6 27.60
2 3 70.96
2 4 31.28
2 5 27.65
2 6 25.90
3 4 12.43
3 5 38.70
3 6 8.39
4 5 24.34
4 6 76.96
5 6 6.12
#
1 2 81.81
1 3 14.44
1 4 52.89
1 5 7.94
1 6 21.98
2 3 66.30
2 4 60.19
2 5 86.92
2 6 61.16
3 4 45.94
3 5 61.20
3 6 23.32
4 5 68.97
4 6 45.27
5 6 65.04
#
1 2 87.63
1 3 77.18
1 4 45.07
1 5 74.76
1 6 30.88
2 3 67.67
2 4 54.24
2 5 57.16
2 6 90.32
3 4 75.14
3 5 73.11
3 6 37.54
4 5 87.05
4 6 5.97
5 6 23.02
#
1 2 96.69
1 3 91.31
1 4 32.46
1 5 58.10
1 6 7.77
2 3 49.44
2 4 24.41
2 5 71.48
2 6 44.89
3 4 89.09
3 5 17.42
3 6 6.09
4 5 12.41
4 6 89.91
5 6 46.36
#
1 2 72.45
1 3 77.54
1 4 32.06
1 5 17.52
1 6 52.30
2 3 57.94
2 4 88.71
2 5 15.06
2 6 23.62
3 4 87.55
3 5 93.72
3 6 91.74
4 5 25.09
4 6 80.77
5 6 6.23
#
1 2 43.11
1 3 85.99
1 4 92.54
1 5 79.10
1 6 44.09
2 3 95.31
2 4 28.54
2 5 72.02
2 6 75.32
3 4 68.43
3 5 69.63
3 6 87.74
4 5 78.04
4 6 77.05
5 6 77.66
#
1 2 24.40
1 3 58.02
1 4 55.20
1 5 51.47
1 6 70.55
2 3 16.03
2 4 17.93
2 5 67.78
2 6 26.09
3 4 45.08
3 5 55.34
3 6 19.82
4 5 45.34
4 6 83.95
5 6 9.11
#
1 2 46.57
1 3 35.59
1 4 90.10
1 5 47.64
1 6 14.69
2 3 42.72
2 4 51.47
2 5 38.23
2 6 23.26
3 4 26.79
3 5 15.19
3 6 87.90
4 5 14.54
4 6 88.23
5 6 64.95
#
1 2 87.20
1 3 21.16
1 4 22.97
1 5 50.92
1 6 76.15
2 3 97.04
2 4 61.95
2 5 97.60
2 6 64.83
3 4 91.57
3 5 42.68
3 6 20.17
4 5 11.39
4 6 83.02
5 6 12.64
#
1 2 15.50
1 3 38.12
1 4 43.23
1 5 14.13
1 6 80.76
2 3 52.92
2 4 51.85
2 5 32.23
2 6 94.68
3 4 78.63
3 5 54.03
3 6 9.87
4 5 66.53
4 6 63.57
5 6 6.62
#
1 2 31.48
1 3 59.29
1 4 22.78
1 5 57.98
1 6 18.73
2 3 7.45
2 4 55.02
2 5 84.21
2 6 5.06
3 4 28.37
3 5 75.78
3 6 42.74
4 5 52.06
4 6 90.69
5 6 25.77
#
1 2 59.71
1 3 14.71
1 4 58.89
1 5 97.94
1 6 23.84
2 3 48.17
2 4 59.39
2 5 79.21
2 6 75.40
3 4 54.07
3 5 57.85
3 6 29.43
4 5 67.46
4 6 24.38
5 6 96.52
#
1 2 69.08
1 3 59.39
1 4 64.33
1 5 95.39
1 6 17.37
2 3 78.07
2 4 97.84
2 5 75.91
2 6 70.80
3 4 97.90
3 5 12.81
3 6 46.58
4 5 40.65
4 6 59.87
5 6 37.27
#
1 2 69.94
1 3 28.10
1 4 55.50
1 5 37.35
1 6 26.05
2 3 82.87
2 4 80.52
2 5 88.96
2 6 62.08
3 4 55.92
3 5 43.03
3 6 28.45
4 5 88.88
4 6 10.49
5 6 56.36
#
1 2 93.92
1 3 83.09
1 4 24.27
1 5 58.26
1 6 78.48
2 3 45.16
2 4 44.85
2 5 76.33
2 6 21.07
3 4 24.17
3 5 82.75
3 6 37.40
4 5 65.75
4 6 23.40
5 6 92.28
#
1 2 11.54
1 3 96.86
1 4 20.38
1 5 70.56
1 6 34.21
2 3 49.95
2 4 53.43
2 5 14.73
2 6 38.91
3 4 24.04
3 5 74.18
3 6 85.46
4 5 47.49
4 6 63.06
5 6 90.95
#
1 2 12.37
1 3 65.50
1 4 74.05
1 5 31.64
1 6 32.28
2 3 61.05
2 4 71.80
2 5 80.65
2 6 45.90
3 4 96.40
3 5 99.82
3 6 28.66
4 5 33.80
4 6 74.09
5 6 55.58
#
1 2 34.60
1 3 89.15
1 4 52.45
1 5 58.51
1 6 59.72
2 3 81.66
2 4 16.98
2 5 13.15
2 6 99.92
3 4 59.42
3 5 32.19
3 6 74.10
4 5 44.88
4 6 83.21
5 6 45.68
#
1 2 35.84
1 3 90.58
1 4 11.18
1 5 18.41
1 6 30.75
2 3 46.99
2 4 82.98
2 5 11.07
2 6 27.64
3 4 28.89
3 5 15.99
3 6 27.47
4 5 52.55
4 6 44.80
5 6 10.08
#
1 2 16.65
1 3 82.92
1 4 94.24
1 5 64.10
1 6 49.95
2 3 53.96
2 4 54.29
2 5 61.94
2 6 70.63
3 4 62.73
3 5 21.36
3 6 97.83
4 5 45.35
4 6 61.24
5 6 89.56
#
1 2 86.03
1 3 5.60
1 4 88.66
1 5 5.73
1 6 27.53
2 3 19.41
2 4 47.72
2 5 10.52
2 6 25.49
3 4 78.89
3 5 34.41
3 6 36.48
4 5 14.88
4 6 90.48
5 6 84.80
#
1 2 19.96
1 3 7.13
1 4 76.25
1 5 14.20
1 6 74.76
2 3 26.20
2 4 63.16
2 5 29.05
2 6 91.66
3 4 42.32
3 5 86.78
3 6 13.02
4 5 48.67
4 6 32.13
5 6 77.79
#
1 2 38.23
1 3 26.68
1 4 78.39
1 5 26.89
1 6 35.93
2 3 14.45
2 4 49.83
2 5 87.18
2 6 19.97
3 4 70.32
3 5 66.07
3 6 57.90
4 5 15.32
4 6 75.95
5 6 48.38
#
1 2 8.65
1 3 99.43
1 4 50.51
1 5 88.42
1 6 13.64
2 3 25.27
2 4 14.62
2 5 80.32
2 6 57.84
3 4 6.29
3 5 22.64
3 6 53.14
4 5 22.83
4 6 66.31
5 6 88.79
#
1 2 95.62
1 3 99.54
1 4 23.99
1 5 82.54
1 6 34.96
2 3 54.93
2 4 91.99
2 5 79.79
2 6 50.63
3 4 11.96
3 5 50.11
3 6 25.22
4 5 64.86
4 6 68.95
5 6 9.69
#
1 2 21.76
1 3 81.12
1 4 9.12
1 5 75.79
1 6 69.54
2 3 17.76
2 4 9.59
2 5 87.69
2 6 93.09
3 4 62.43
3 5 88.98
3 6 15.73
4 5 15.58
4 6 20.33
5 6 85.57
#
1 2 12.89
1 3 15.96
1 4 85.11
1 5 31.89
1 6 7.02
2 3 20.07
2 4 81.82
2 5 94.01
2 6 94.86
3 4 32.45
3 5 14.49
3 6 53.49
4 5 61.19
4 6 82.87
5 6 30.97
#
1 2 65.88
1 3 99.63
1 4 12.09
1 5 70.00
1 6 75.42
2 3 76.64
2 4 82.77
2 5 80.01
2 6 72.85
3 4 84.38
3 5 50.97
3 6 61.83
4 5 95.11
4 6 70.07
5 6 85.68
#
1 2 89.20
1 3 77.96
1 4 10.16
1 5 74.32
1 6 9.85
2 3 12.18
2 4 97.91
2 5 95.19
2 6 14.71
3 4 6.30
3 5 36.16
3 6 24.20
4 5 63.31
4 6 92.35
5 6 15.59
#
1 2 89.28
1 3 58.23
1 4 15.22
1 5 9.90
1 6 28.24
2 3 94.17
2 4 90.06
2 5 19.53
2 6 82.70
3 4 62.91
3 5 98.91
3 6 33.67
4 5 33.26
4 6 7.54
5 6 98.74
#
1 2 18.94
1 3 91.75
1 4 76.71
1 5 24.11
1 6 66.07
2 3 90.08
2 4 39.81
2 5 72.50
2 6 85.28
3 4 49.53
3 5 73.80
3 6 21.44
4 5 77.25
4 6 45.64
5 6 22.32
#
1 2 87.85
1 3 34.92
1 4 75.55
1 5 11.59
1 6 48.34
2 3 12.31
2 4 5.76
2 5 38.40
2 6 26.84
3 4 83.47
3 5 96.31
3 6 25.75
4 5 17.14
4 6 29.57
5 6 28.30
#
1 2 24.41
1 3 52.04
1 4 28.57
1 5 9.64
1 6 71.15
2 3 98.16
2 4 8.24
2 5 19.48
2 6 70.66
3 4 88.52
3 5 64.01
3 6 52.99
4 5 18.49
4 6 41.27
5 6 93.63
#
1 2 35.81
1 3 37.64
1 4 37.07
1 5 19.88
1 6 44.23
2 3 80.42
2 4 27.20
2 5 45.00
2 6 18.82
3 4 49.04
3 5 36.99
3 6 23.66
4 5 69.80
4 6 57.65
5 6 56.75
#
1 2 6.62
1 3 77.06
1 4 8.79
1 5 30.19
1 6 90.22
2 3 83.46
2 4 28.35
2 5 93.47
2 6 97.95
3 4 7.53
3 5 90.51
3 6 70.48
4 5 55.52
4 6 9.00
5 6 20.27
#
1 2 57.67
1 3 48.33
1 4 52.91
1 5 98.27
1 6 63.22
2 3 92.15
2 4 78.69
2 5 85.42
2 6 45.67
3 4 6.03
3 5 34.46
3 6 77.66
4 5 24.69
4 6 12.78
5 6 35.31
#
1 2 76.45
1 3 22.92
1 4 20.90
1 5 88.76
1 6 56.63
2 3 19.64
2 4 72.23
2 5 79.98
2 6 13.11
3 4 78.70
3 5 91.04
3 6 98.63
4 5 49.18
4 6 55.08
5 6 16.15
#
1 2 64.46
1 3 21.28
1 4 59.49
1 5 25.89
1 6 19.55
2 3 22.71
2 4 18.04
2 5 93.24
2 6 8.13
3 4 67.23
3 5 94.27
3 6 46.11
4 5 53.41
4 6 27.49
5 6 53.90
#
1 2 92.25
1 3 12.46
1 4 80.34
1 5 21.67
1 6 9.74
2 3 36.98
2 4 36.31
2 5 76.97
2 6 25.48
3 4 44.43
3 5 64.19
3 6 16.52
4 5 51.58
4 6 13.38
5 6 75.13
#
1 2 62.73
1 3 81.36
1 4 91.41
1 5 22.22
1 6 7.25
2 3 10.96
2 4 48.45
2 5 20.30
2 6 99.20
3 4 51.58
3 5 91.05
3 6 6.99
4 5 6.22
4 6 44.47
5 6 38.00
#
1 2 63.64
1 3 45.24
1 4 53.98
1 5 43.98
1 6 61.91
2 3 58.73
2 4 75.96
2 5 93.22
2 6 44.22
3 4 96.45
3 5 46.17
3 6 8.42
4 5 21.49
4 6 92.75
5 6 16.80
#
1 2 91.62
1 3 55.49
1 4 93.16
1 5 83.03
1 6 81.23
2 3 95.41
2 4 97.51
2 5 29.69
2 6 24.23
3 4 96.71
3 5 84.79
3 6 23.81
4 5 12.23
4 6 86.01
5 6 63.28
#
1 2 45.23
1 3 49.65
1 4 8.52
1 5 7.74
1 6 88.64
2 3 73.95
2 4 61.47
2 5 73.12
2 6 67.17
3 4 5.69
3 5 78.09
3 6 13.35
4 5 9.11
4 6 8.11
5 6 6.10
#
1 2 29.43
1 3 94.73
1 4 65.11
1 5 22.59
1 6 86.29
2 3 46.35
2 4 26.53
2 5 83.80
2 6 79.56
3 4 54.28
3 5 89.04
3 6 64.35
4 5 73.09
4 6 9.79
5 6 58.89
#
1 2 44.89
1 3 58.54
1 4 8.54
1 5 56.93
1 6 61.28
2 3 5.70
2 4 30.88
2 5 22.75
2 6 82.35
3 4 93.06
3 5 23.45
3 6 60.44
4 5 14.93
4 6 36.08
5 6 72.07
#
1 2 16.03
1 3 60.52
1 4 66.81
1 5 84.67
1 6 86.63
2 3 61.62
2 4 39.54
2 5 21.68
2 6 53.94
3 4 19.10
3 5 70.97
3 6 51.50
4 5 86.97
4 6 44.06
5 6 56.29
#
1 2 45.86
1 3 83.96
1 4 23.36
1 5 49.41
1 6 40.89
2 3 79.64
2 4 58.63
2 5 66.78
2 6 10.92
3 4 40.98
3 5 68.36
3 6 37.89
4 5 9.95
4 6 78.29
5 6 68.97
#
1 2 77.02
1 3 97.84
1 4 38.01
1 5 52.35
1 6 82.51
2 3 24.65
2 4 22.49
2 5 30.57
2 6 41.33
3 4 79.96
3 5 44.67
3 6 12.30
4 5 31.46
4 6 40.17
5 6 59.89
#
1 2 91.28
1 3 81.03
1 4 43.85
1 5 14.64
1 6 38.96
2 3 88.26
2 4 89.28
2 5 92.60
2 6 63.56
3 4 95.20
3 5 42.10
3 6 31.92
4 5 33.09
4 6 55.57
5 6 10.21
#
1 2 10.59
1 3 32.60
1 4 8.06
1 5 43.60
1 6 88.47
2 3 94.09
2 4 71.77
2 5 19.49
2 6 24.67
3 4 13.11
3 5 94.45
3 6 72.86
4 5 28.93
4 6 25.91
5 6 13.03
#
1 2 92.34
1 3 17.19
1 4 89.07
1 5 44.71
1 6 35.35
2 3 36.55
2 4 32.98
2 5 24.64
2 6 29.15
3 4 91.54
3 5 28.36
3 6 74.78
4 5 31.99
4 6 64.98
5 6 30.35
#
1 2 45.72
1 3 70.57
1 4 66.47
1 5 48.78
1 6 14.17
2 3 63.47
2 4 51.40
2 5 80.95
2 6 77.96
3 4 71.07
3 5 97.58
3 6 72.41
4 5 52.45
4 6 35.03
5 6 6.84
#
1 2 60.49
1 3 27.38
1 4 27.56
1 5 58.08
1 6 67.09
2 3 57.91
2 4 89.63
2 5 8.59
2 6 86.07
3 4 18.79
3 5 8.66
3 6 14.44
4 5 97.09
4 6 35.65
5 6 74.42
#
1 2 35.96
1 3 76.37
1 4 53.51
1 5 10.96
1 6 33.68
2 3 62.68
2 4 69.43
2 5 88.60
2 6 52.15
3 4 55.91
3 5 59.67
3 6 49.73
4 5 36.84
4 6 20.64
5 6 88.29
#
1 2 47.20
1 3 76.13
1 4 24.19
1 5 69.76
1 6 34.21
2 3 94.80
2 4 36.20
2 5 23.85
2 6 98.40
3 4 22.27
3 5 46.16
3 6 15.58
4 5 40.23
4 6 51.77
5 6 54.75
#
1 2 23.17
1 3 82.73
1 4 39.64
1 5 71.68
1 6 88.69
2 3 68.32
2 4 42.89
2 5 66.64
2 6 65.44
3 4 90.04
3 5 31.07
3 6 33.63
4 5 48.30
4 6 62.91
5 6 49.28
#
1 2 36.59
1 3 18.64
1 4 25.41
1 5 64.30
1 6 83.40
2 3 63.15
2 4 59.10
2 5 19.60
2 6 82.00
3 4 66.02
3 5 45.40
3 6 36.68
4 5 76.60
4 6 89.15
5 6 83.45
#
1 2 31.35
1 3 12.33
1 4 66.18
1 5 66.00
1 6 87.53
2 3 63.40
2 4 42.84
2 5 30.42
2 6 38.56
3 4 8.29
3 5 20.47
3 6 73.16
4 5 36.92
4 6 72.29
5 6 44.59
#
1 2 81.20
1 3 17.40
1 4 58.23
1 5 15.14
1 6 76.70
2 3 41.64
2 4 73.29
2 5 35.80
2 6 64.76
3 4 55.29
3 5 96.83
3 6 18.68
4 5 95.49
4 6 81.95
5 6 7.84
#
1 2 78.94
1 3 13.31
1 4 23.69
1 5 53.64
1 6 82.83
2 3 11.22
2 4 17.04
2 5 34.19
2 6 36.65
3 4 59.13
3 5 37.48
3 6 60.64
4 5 32.29
4 6 77.93
5 6 32.93
#
1 2 80.40
1 3 59.13
1 4 45.33
1 5 38.64
1 6 77.79
2 3 22.03
2 4 83.80
2 5 51.08
2 6 61.35
3 4 57.08
3 5 14.89
3 6 66.70
4 5 70.77
4 6 10.38
5 6 48.66
#
1 2 82.13
1 3 84.32
1 4 56.97
1 5 5.82
1 6 46.49
2 3 48.32
2 4 12.04
2 5 67.05
2 6 77.51
3 4 52.21
3 5 26.18
3 6 23.52
4 5 12.85
4 6 61.99
5 6 96.45
#
1 2 40.78
1 3 42.40
1 4 64.10
1 5 89.63
1 6 84.56
2 3 41.90
2 4 20.18
2 5 68.36
2 6 87.98
3 4 76.54
3 5 25.44
3 6 11.40
4 5 43.24
4 6 99.73
5 6 16.78
#
1 2 86.90
1 3 81.86
1 4 9.63
1 5 52.39
1 6 82.68
2 3 51.12
2 4 9.23
2 5 98.25
2 6 26.69
3 4 81.75
3 5 50.46
3 6 47.88
4 5 5.27
4 6 58.32
5 6 18.39
#
1 2 10.24
1 3 7.62
1 4 64.31
1 5 69.34
1 6 92.26
2 3 48.87
2 4 11.24
2 5 12.44
2 6 25.75
3 4 7.75
3 5 92.50
3 6 46.20
4 5 14.15
4 6 44.27
5 6 45.93
#
1 2 34.45
1 3 39.69
1 4 36.32
1 5 47.60
1 6 95.61
2 3 19.00
2 4 7.24
2 5 99.84
2 6 25.77
3 4 28.94
3 5 90.11
3 6 71.24
4 5 80.34
4 6 90.38
5 6 38.08
#
1 2 7.25
1 3 95.62
1 4 40.70
1 5 66.57
1 6 73.49
2 3 41.48
2 4 15.44
2 5 79.73
2 6 57.45
3 4 44.72
3 5 91.00
3 6 49.95
4 5 85.92
4 6 13.67
5 6 97.74
#
1 2 40.37
1 3 51.65
1 4 37.44
1 5 71.69
1 6 94.25
2 3 33.05
2 4 94.22
2 5 10.02
2 6 41.41
3 4 19.99
3 5 42.48
3 6 31.53
4 5 94.75
4 6 22.82
5 6 30.43
#
1 2 32.83
1 3 25.07
1 4 34.58
1 5 77.06
1 6 95.16
2 3 8.07
2 4 27.06
2 5 19.13
2 6 91.32
3 4 79.51
3 5 58.85
3 6 82.33
4 5 37.99
4 6 44.77
5 6 91.00
#
1 2 35.73
1 3 88.66
1 4 51.17
1 5 76.69
1 6 68.88
2 3 45.43
2 4 18.26
2 5 71.62
2 6 58.97
3 4 54.68
3 5 95.13
3 6 96.45
4 5 81.21
4 6 89.89
5 6 27.79
#
1 2 20.16
1 3 31.24
1 4 47.86
1 5 49.74
1 6 16.82
2 3 43.03
2 4 52.81
2 5 38.89
2 6 65.68
3 4 52.66
3 5 26.92
3 6 24.53
4 5 34.99
4 6 59.91
5 6 72.82
#
1 2 34.51
1 3 99.17
1 4 61.48
1 5 80.69
1 6 75.86
2 3 38.88
2 4 34.64
2 5 89.13
2 6 10.50
3 4 88.61
3 5 52.33
3 6 14.16
4 5 93.58
4 6 33.54
5 6 12.57
#
1 2 21.37
1 3 48.70
1 4 47.33
1 5 72.75
1 6 6.97
2 3 59.16
2 4 24.30
2 5 63.30
2 6 93.05
3 4 84.98
3 5 15.96
3 6 28.49
4 5 9.51
4 6 54.47
5 6 83.41
#
1 2 77.33
1 3 92.51
1 4 91.10
1 5 47.34
1 6 73.20
2 3 75.48
2 4 81.22
2 5 16.36
2 6 73.13
3 4 95.25
3 5 13.49
3 6 25.46
4 5 9.41
4 6 7.07
5 6 62.52
#
1 2 25.50
1 3 23.44
1 4 19.75
1 5 67.83
1 6 99.71
2 3 21.72
2 4 26.99
2 5 24.02
2 6 80.02
3 4 28.56
3 5 9.00
3 6 99.51
4 5 52.06
4 6 13.52
5 6 53.98
#
1 2 43.99
1 3 94.37
1 4 46.49
1 5 35.09
1 6 41.71
2 3 28.21
2 4 10.57
2 5 31.46
2 6 39.57
3 4 78.71
3 5 26.71
3 6 48.06
4 5 99.17
4 6 39.64
5 6 58.65
#
1 2 70.22
1 3 68.66
1 4 85.61
1 5 84.97
1 6 36.49
2 3 85.33
2 4 6.69
2 5 58.49
2 6 9.35
3 4 90.23
3 5 90.57
3 6 13.35
4 5 89.74
4 6 42.63
5 6 21.87
#
1 2 43.73
1 3 90.14
1 4 24.77
1 5 85.22
1 6 25.23
2 3 61.48
2 4 13.44
2 5 39.33
2 6 87.94
3 4 56.53
3 5 18.04
3 6 23.17
4 5 13.12
4 6 25.73
5 6 66.33
#
1 2 66.77
1 3 90.95
1 4 34.99
1 5 52.39
1 6 75.92
2 3 66.49
2 4 37.72
2 5 86.13
2 6 33.50
3 4 42.07
3 5 76.37
3 6 32.59
4 5 58.94
4 6 66.11
5 6 78.75
#
1 2 84.34
1 3 9.84
1 4 68.89
1 5 9.11
1 6 98.59
2 3 97.65
2 4 65.59
2 5 20.55
2 6 36.98
3 4 62.06
3 5 72.08
3 6 58.54
4 5 88.75
4 6 88.72
5 6 79.27
#
1 2 55.09
1 3 55.50
1 4 78.75
1 5 93.60
1 6 7.89
2 3 63.19
2 4 68.61
2 5 49.13
2 6 49.33
3 4 10.63
3 5 86.20
3 6 25.70
4 5 38.23
4 6 45.14
5 6 95.33
#
1 2 16.98
1 3 29.48
1 4 13.70
1 5 89.39
1 6 42.11
2 3 12.29
2 4 87.04
2 5 7.71
2 6 36.36
3 4 24.02
3 5 73.29
3 6 16.96
4 5 86.08
4 6 62.04
5 6 5.69
#
1 2 65.36
1 3 17.13
1 4 56.19
1 5 52.63
1 6 10.74
2 3 67.60
2 4 24.34
2 5 82.87
2 6 16.73
3 4 68.67
3 5 88.51
3 6 11.45
4 5 97.89
4 6 35.26
5 6 60.11
#
1 2 6.75
1 3 47.24
1 4 93.12
1 5 15.45
1 6 45.15
2 3 35.23
2 4 22.74
2 5 32.20
2 6 46.46
3 4 62.62
3 5 59.74
3 6 19.75
4 5 74.58
4 6 45.83
5 6 76.80
#
1 2 75.27
1 3 19.71
1 4 97.45
1 5 39.98
1 6 75.86
2 3 16.71
2 4 7.58
2 5 95.20
2 6 94.59
3 4 27.83
3 5 72.40
3 6 83.10
4 5 42.80
4 6 70.29
5 6 18.36
#
1 2 11.44
1 3 72.04
1 4 69.12
1 5 99.56
1 6 82.49
2 3 22.79
2 4 43.31
2 5 13.75
2 6 49.99
3 4 84.78
3 5 79.89
3 6 18.26
4 5 99.53
4 6 54.48
5 6 67.61
#
1 2 84.85
1 3 38.27
1 4 82.32
1 5 82.31
1 6 73.26
2 3 66.70
2 4 94.02
2 5 84.36
2 6 61.90
3 4 88.61
3 5 12.20
3 6 34.30
4 5 80.23
4 6 58.52
5 6 13.12
#
1 2 7.11
1 3 64.96
1 4 88.68
1 5 79.75
1 6 64.52
2 3 79.70
2 4 97.55
2 5 16.36
2 6 88.45
3 4 56.06
3 5 96.14
3 6 76.87
4 5 69.32
4 6 9.19
5 6 31.35
#
1 2 36.93
1 3 89.05
1 4 64.62
1 5 27.77
1 6 79.88
2 3 37.88
2 4 89.47
2 5 73.90
2 6 30.77
3 4 51.38
3 5 71.04
3 6 46.49
4 5 89.20
4 6 59.79
5 6 5.01
#
1 2 97.32
1 3 61.91
1 4 64.98
1 5 86.01
1 6 41.66
2 3 38.02
2 4 65.71
2 5 47.73
2 6 49.38
3 4 62.68
3 5 98.80
3 6 54.04
4 5 39.55
4 6 68.12
5 6 66.76
#
1 2 74.42
1 3 13.58
1 4 64.33
1 5 39.05
1 6 36.35
2 3 44.21
2 4 80.45
2 5 25.83
2 6 26.63
3 4 19.74
3 5 80.73
3 6 92.67
4 5 61.23
4 6 69.93
5 6 52.47
#
1 2 61.25
1 3 75.78
1 4 22.90
1 5 34.75
1 6 70.31
2 3 68.08
2 4 76.29
2 5 36.02
2 6 15.82
3 4 25.68
3 5 7.22
3 6 14.62
4 5 83.24
4 6 50.30
5 6 86.26
#
1 2 50.00
1 3 24.72
1 4 94.84
1 5 22.85
1 6 67.29
2 3 31.20
2 4 62.06
2 5 56.27
2 6 60.55
3 4 83.70
3 5 71.01
3 6 41.28
4 5 84.89
4 6 32.25
5 6 19.73
#
1 2 45.88
1 3 97.02
1 4 90.51
1 5 72.30
1 6 31.77
2 3 60.82
2 4 40.39
2 5 8.06
2 6 5.36
3 4 59.73
3 5 37.26
3 6 16.11
4 5 69.35
4 6 29.03
5 6 69.93
#
1 2 55.61
1 3 82.55
1 4 89.65
1 5 50.46
1 6 5.41
2 3 65.47
2 4 85.18
2 5 62.47
2 6 21.74
3 4 45.73
3 5 54.69
3 6 96.27
4 5 90.53
4 6 39.59
5 6 28.52
#
1 2 10.26
1 3 88.99
1 4 34.06
1 5 9.30
1 6 61.30
2 3 60.83
2 4 73.64
2 5 10.21
2 6 72.42
3 4 82.53
3 5 64.94
3 6 18.20
4 5 93.64
4 6 42.81
5 6 42.23
#
