1 2 89.88
1 3 51.89
1 4 14.25
1 5 11.84
1 6 69.32
1 7 57.48
1 8 62.59
1 9 95.05
1 10 7.48
1 11 32.55
2 3 27.23
2 4 23.69
2 5 11.72
2 6 42.05
2 7 94.22
2 8 54.03
2 9 63.65
2 10 66.53
2 11 58.13
3 4 27.61
3 5 62.41
3 6 81.44
3 7 24.97
3 8 87.29
3 9 58.79
3 10 50.80
3 11 14.79
4 5 84.55
4 6 87.11
4 7 52.84
4 8 29.79
4 9 76.99
4 10 13.26
4 11 47.57
5 6 83.83
5 7 77.58
5 8 5.05
5 9 46.42
5 10 81.15
5 11 16.05
6 7 82.49
6 8 16.90
6 9 34.74
6 10 89.21
6 11 53.95
7 8 37.48
7 9 51.76
7 10 26.12
7 11 99.01
8 9 9.89
8 10 57.25
8 11 69.94
9 10 94.85
9 11 77.22
10 11 65.75
#
1 2 53.64
1 3 28.03
1 4 75.55
1 5 46.71
1 6 15.14
1 7 36.91
1 8 71.51
1 9 87.13
1 10 45.17
1 11 27.60
2 3 70.96
2 4 31.28
2 5 27.65
2 6 25.90
2 7 12.43
2 8 38.70
2 9 8.39
2 10 24.34
2 11 76.96
3 4 6.12
3 5 81.81
3 6 14.44
3 7 52.89
3 8 7.94
3 9 21.98
3 10 66.30
3 11 60.19
4 5 86.92
4 6 61.16
4 7 45.94
4 8 61.20
4 9 23.32
4 10 68.97
4 11 45.27
5 6 65.04
5 7 87.63
5 8 77.18
5 9 45.07
5 10 74.76
5 11 30.88
6 7 67.67
6 8 54.24
6 9 57.16
6 10 90.32
6 11 75.14
7 8 73.11
7 9 37.54
7 10 87.05
7 11 5.97
8 9 23.02
8 10 96.69
8 11 91.31
9 10 32.46
9 11 58.10
10 11 7.77
#
1 2 49.44
1 3 24.41
1 4 71.48
1 5 44.89
1 6 89.09
1 7 17.42
1 8 6.09
1 9 12.41
1 10 89.91
1 11 46.36
2 3 72.45
2 4 77.54
2 5 32.06
2 6 17.52
2 7 52.30
2 8 57.94
2 9 88.71
2 10 15.06
2 11 23.62
3 4 87.55
3 5 93.72
3 6 91.74
3 7 25.09
3 8 80.77
3 9 6.23
3 10 43.11
3 11 85.99
4 5 92.54
4 6 79.10
4 7 44.09
4 8 95.31
4 9 28.54
4 10 72.02
4 11 75.32
5 6 68.43
5 7 69.63
5 8 87.74
5 9 78.04
5 10 77.05
5 11 77.66
6 7 24.40
6 8 58.02
6 9 55.20
6 10 51.47
6 11 70.55
7 8 16.03
7 9 17.93
7 10 67.78
7 11 26.09
8 9 45.08
8 10 55.34
8 11 19.82
9 10 45.34
9 11 83.95
10 11 9.11
#
1 2 46.57
1 3 35.59
1 4 90.10
1 5 47.64
1 6 14.69
1 7 42.72
1 8 51.47
1 9 38.23
1 10 23.26
1 11 26.79
2 3 15.19
2 4 87.90
2 5 14.54
2 6 88.23
2 7 64.95
2 8 87.20
2 9 21.16
2 10 22.97
2 11 50.92
3 4 76.15
3 5 97.04
3 6 61.95
3 7 97.60
3 8 64.83
3 9 91.57
3 10 42.68
3 11 20.17
4 5 11.39
4 6 83.02
4 7 12.64
4 8 15.50
4 9 38.12
4 10 43.23
4 11 14.13
5 6 80.76
5 7 52.92
5 8 51.85
5 9 32.23
5 10 94.68
5 11 78.63
6 7 54.03
6 8 9.87
6 9 66.53
6 10 63.57
6 11 6.62
7 8 31.48
7 9 59.29
7 10 22.78
7 11 57.98
8 9 18.73
8 10 7.45
8 11 55.02
9 10 84.21
9 11 5.06
10 11 28.37
#
1 2 75.78
1 3 42.74
1 4 52.06
1 5 90.69
1 6 25.77
1 7 59.71
1 8 14.71
1 9 58.89
1 10 97.94
1 11 23.84
2 3 48.17
2 4 59.39
2 5 79.21
2 6 75.40
2 7 54.07
2 8 57.85
2 9 29.43
2 10 67.46
2 11 24.38
3 4 96.52
3 5 69.08
3 6 59.39
3 7 64.33
3 8 95.39
3 9 17.37
3 10 78.07
3 11 97.84
4 5 75.91
4 6 70.80
4 7 97.90
4 8 12.81
4 9 46.58
4 10 40.65
4 11 59.87
5 6 37.27
5 7 69.94
5 8 28.10
5 9 55.50
5 10 37.35
5 11 26.05
6 7 82.87
6 8 80.52
6 9 88.96
6 10 62.08
6 11 55.92
7 8 43.03
7 9 28.45
7 10 88.88
7 11 10.49
8 9 56.36
8 10 93.92
8 11 83.09
9 10 24.27
9 11 58.26
10 11 78.48
#
1 2 45.16
1 3 44.85
1 4 76.33
1 5 21.07
1 6 24.17
1 7 82.75
1 8 37.40
1 9 65.75
1 10 23.40
1 11 92.28
2 3 11.54
2 4 96.86
2 5 20.38
2 6 70.56
2 7 34.21
2 8 49.95
2 9 53.43
2 10 14.73
2 11 38.91
3 4 24.04
3 5 74.18
3 6 85.46
3 7 47.49
3 8 63.06
3 9 90.95
3 10 12.37
3 11 65.50
4 5 74.05
4 6 31.64
4 7 32.28
4 8 61.05
4 9 71.80
4 10 80.65
4 11 45.90
5 6 96.40
5 7 99.82
5 8 28.66
5 9 33.80
5 10 74.09
5 11 55.58
6 7 34.60
6 8 89.15
6 9 52.45
6 10 58.51
6 11 59.72
7 8 81.66
7 9 16.98
7 10 13.15
7 11 99.92
8 9 59.42
8 10 32.19
8 11 74.10
9 10 44.88
9 11 83.21
10 11 45.68
#
1 2 35.84
1 3 90.58
1 4 11.18
1 5 18.41
1 6 30.75
1 7 46.99
1 8 82.98
1 9 11.07
1 10 27.64
1 11 28.89
2 3 15.99
2 4 27.47
2 5 52.55
2 6 44.80
2 7 10.08
2 8 16.65
2 9 82.92
2 10 94.24
2 11 64.10
3 4 49.95
3 5 53.96
3 6 54.29
3 7 61.94
3 8 70.63
3 9 62.73
3 10 21.36
3 11 97.83
4 5 45.35
4 6 61.24
4 7 89.56
4 8 86.03
4 9 5.60
4 10 88.66
4 11 5.73
5 6 27.53
5 7 19.41
5 8 47.72
5 9 10.52
5 10 25.49
5 11 78.89
6 7 34.41
6 8 36.48
6 9 14.88
6 10 90.48
6 11 84.80
7 8 19.96
7 9 7.13
7 10 76.25
7 11 14.20
8 9 74.76
8 10 26.20
8 11 63.16
9 10 29.05
9 11 91.66
10 11 42.32
#
1 2 86.78
1 3 13.02
1 4 48.67
1 5 32.13
1 6 77.79
1 7 38.23
1 8 26.68
1 9 78.39
1 10 26.89
1 11 35.93
2 3 14.45
2 4 49.83
2 5 87.18
2 6 19.97
2 7 70.32
2 8 66.07
2 9 57.90
2 10 15.32
2 11 75.95
3 4 48.38
3 5 8.65
3 6 99.43
3 7 50.51
3 8 88.42
3 9 13.64
3 10 25.27
3 11 14.62
4 5 80.32
4 6 57.84
4 7 6.29
4 8 22.64
4 9 53.14
4 10 22.83
4 11 66.31
5 6 88.79
5 7 95.62
5 8 99.54
5 9 23.99
5 10 82.54
5 11 34.96
6 7 54.93
6 8 91.99
6 9 79.79
6 10 50.63
6 11 11.96
7 8 50.11
7 9 25.22
7 10 64.86
7 11 68.95
8 9 9.69
8 10 21.76
8 11 81.12
9 10 9.12
9 11 75.79
10 11 69.54
#
1 2 17.76
1 3 9.59
1 4 87.69
1 5 93.09
1 6 62.43
1 7 88.98
1 8 15.73
1 9 15.58
1 10 20.33
1 11 85.57
2 3 12.89
2 4 15.96
2 5 85.11
2 6 31.89
2 7 7.02
2 8 20.07
2 9 81.82
2 10 94.01
2 11 94.86
3 4 32.45
3 5 14.49
3 6 53.49
3 7 61.19
3 8 82.87
3 9 30.97
3 10 65.88
3 11 99.63
4 5 12.09
4 6 70.00
4 7 75.42
4 8 76.64
4 9 82.77
4 10 80.01
4 11 72.85
5 6 84.38
5 7 50.97
5 8 61.83
5 9 95.11
5 10 70.07
5 11 85.68
6 7 89.20
6 8 77.96
6 9 10.16
6 10 74.32
6 11 9.85
7 8 12.18
7 9 97.91
7 10 95.19
7 11 14.71
8 9 6.30
8 10 36.16
8 11 24.20
9 10 63.31
9 11 92.35
10 11 15.59
#
1 2 89.28
1 3 58.23
1 4 15.22
1 5 9.90
1 6 28.24
1 7 94.17
1 8 90.06
1 9 19.53
1 10 82.70
1 11 62.91
2 3 98.91
2 4 33.67
2 5 33.26
2 6 7.54
2 7 98.74
2 8 18.94
2 9 91.75
2 10 76.71
2 11 24.11
3 4 66.07
3 5 90.08
3 6 39.81
3 7 72.50
3 8 85.28
3 9 49.53
3 10 73.80
3 11 21.44
4 5 77.25
4 6 45.64
4 7 22.32
4 8 87.85
4 9 34.92
4 10 75.55
4 11 11.59
5 6 48.34
5 7 12.31
5 8 5.76
5 9 38.40
5 10 26.84
5 11 83.47
6 7 96.31
6 8 25.75
6 9 17.14
6 10 29.57
6 11 28.30
7 8 24.41
7 9 52.04
7 10 28.57
7 11 9.64
8 9 71.15
8 10 98.16
8 11 8.24
9 10 19.48
9 11 70.66
10 11 88.52
#
1 2 64.01
1 3 52.99
1 4 18.49
1 5 41.27
1 6 93.63
1 7 35.81
1 8 37.64
1 9 37.07
1 10 19.88
1 11 44.23
2 3 80.42
2 4 27.20
2 5 45.00
2 6 18.82
2 7 49.04
2 8 36.99
2 9 23.66
2 10 69.80
2 11 57.65
3 4 56.75
3 5 6.62
3 6 77.06
3 7 8.79
3 8 30.19
3 9 90.22
3 10 83.46
3 11 28.35
4 5 93.47
4 6 97.95
4 7 7.53
4 8 90.51
4 9 70.48
4 10 55.52
4 11 9.00
5 6 20.27
5 7 57.67
5 8 48.33
5 9 52.91
5 10 98.27
5 11 63.22
6 7 92.15
6 8 78.69
6 9 85.42
6 10 45.67
6 11 6.03
7 8 34.46
7 9 77.66
7 10 24.69
7 11 12.78
8 9 35.31
8 10 76.45
8 11 22.92
9 10 20.90
9 11 88.76
10 11 56.63
#
1 2 19.64
1 3 72.23
1 4 79.98
1 5 13.11
1 6 78.70
1 7 91.04
1 8 98.63
1 9 49.18
1 10 55.08
1 11 16.15
2 3 64.46
2 4 21.28
2 5 59.49
2 6 25.89
2 7 19.55
2 8 22.71
2 9 18.04
2 10 93.24
2 11 8.13
3 4 67.23
3 5 94.27
3 6 46.11
3 7 53.41
3 8 27.49
3 9 53.90
3 10 92.25
3 11 12.46
4 5 80.34
4 6 21.67
4 7 9.74
4 8 36.98
4 9 36.31
4 10 76.97
4 11 25.48
5 6 44.43
5 7 64.19
5 8 16.52
5 9 51.58
5 10 13.38
5 11 75.13
6 7 62.73
6 8 81.36
6 9 91.41
6 10 22.22
6 11 7.25
7 8 10.96
7 9 48.45
7 10 20.30
7 11 99.20
8 9 51.58
8 10 91.05
8 11 6.99
9 10 6.22
9 11 44.47
10 11 38.00
#
1 2 63.64
1 3 45.24
1 4 53.98
1 5 43.98
1 6 61.91
1 7 58.73
1 8 75.96
1 9 93.22
1 10 44.22
1 11 96.45
2 3 46.17
2 4 8.42
2 5 21.49
2 6 92.75
2 7 16.80
2 8 91.62
2 9 55.49
2 10 93.16
2 11 83.03
3 4 81.23
3 5 95.41
3 6 97.51
3 7 29.69
3 8 24.23
3 9 96.71
3 10 84.79
3 11 23.81
4 5 12.23
4 6 86.01
4 7 63.28
4 8 45.23
4 9 49.65
4 10 8.52
4 11 7.74
5 6 88.64
5 7 73.95
5 8 61.47
5 9 73.12
5 10 67.17
5 11 5.69
6 7 78.09
6 8 13.35
6 9 9.11
6 10 8.11
6 11 6.10
7 8 29.43
7 9 94.73
7 10 65.11
7 11 22.59
8 9 86.29
8 10 46.35
8 11 26.53
9 10 83.80
9 11 79.56
10 11 54.28
#
1 2 89.04
1 3 64.35
1 4 73.09
1 5 9.79
1 6 58.89
1 7 44.89
1 8 58.54
1 9 8.54
1 10 56.93
1 11 61.28
2 3 5.70
2 4 30.88
2 5 22.75
2 6 82.35
2 7 93.06
2 8 23.45
2 9 60.44
2 10 14.93
2 11 36.08
3 4 72.07
3 5 16.03
3 6 60.52
3 7 66.81
3 8 84.67
3 9 86.63
3 10 61.62
3 11 39.54
4 5 21.68
4 6 53.94
4 7 19.10
4 8 70.97
4 9 51.50
4 10 86.97
4 11 44.06
5 6 56.29
5 7 45.86
5 8 83.96
5 9 23.36
5 10 49.41
5 11 40.89
6 7 79.64
6 8 58.63
6 9 66.78
6 10 10.92
6 11 40.98
7 8 68.36
7 9 37.89
7 10 9.95
7 11 78.29
8 9 68.97
8 10 77.02
8 11 97.84
9 10 38.01
9 11 52.35
10 11 82.51
#
1 2 24.65
1 3 22.49
1 4 30.57
1 5 41.33
1 6 79.96
1 7 44.67
1 8 12.30
1 9 31.46
1 10 40.17
1 11 59.89
2 3 91.28
2 4 81.03
2 5 43.85
2 6 14.64
2 7 38.96
2 8 88.26
2 9 89.28
2 10 92.60
2 11 63.56
3 4 95.20
3 5 42.10
3 6 31.92
3 7 33.09
3 8 55.57
3 9 10.21
3 10 10.59
3 11 32.60
4 5 8.06
4 6 43.60
4 7 88.47
4 8 94.09
4 9 71.77
4 10 19.49
4 11 24.67
5 6 13.11
5 7 94.45
5 8 72.86
5 9 28.93
5 10 25.91
5 11 13.03
6 7 92.34
6 8 17.19
6 9 89.07
6 10 44.71
6 11 35.35
7 8 36.55
7 9 32.98
7 10 24.64
7 11 29.15
8 9 91.54
8 10 28.36
8 11 74.78
9 10 31.99
9 11 64.98
10 11 30.35
#
1 2 45.72
1 3 70.57
1 4 66.47
1 5 48.78
1 6 14.17
1 7 63.47
1 8 51.40
1 9 80.95
1 10 77.96
1 11 71.07
2 3 97.58
2 4 72.41
2 5 52.45
2 6 35.03
2 7 6.84
2 8 60.49
2 9 27.38
2 10 27.56
2 11 58.08
3 4 67.09
3 5 57.91
3 6 89.63
3 7 8.59
3 8 86.07
3 9 18.79
3 10 8.66
3 11 14.44
4 5 97.09
4 6 35.65
4 7 74.42
4 8 35.96
4 9 76.37
4 10 53.51
4 11 10.96
5 6 33.68
5 7 62.68
5 8 69.43
5 9 88.60
5 10 52.15
5 11 55.91
6 7 59.67
6 8 49.73
6 9 36.84
6 10 20.64
6 11 88.29
7 8 47.20
7 9 76.13
7 10 24.19
7 11 69.76
8 9 34.21
8 10 94.80
8 11 36.20
9 10 23.85
9 11 98.40
10 11 22.27
#
1 2 46.16
1 3 15.58
1 4 40.23
1 5 51.77
1 6 54.75
1 7 23.17
1 8 82.73
1 9 39.64
1 10 71.68
1 11 88.69
2 3 68.32
2 4 42.89
2 5 66.64
2 6 65.44
2 7 90.04
2 8 31.07
2 9 33.63
2 10 48.30
2 11 62.91
3 4 49.28
3 5 36.59
3 6 18.64
3 7 25.41
3 8 64.30
3 9 83.40
3 10 63.15
3 11 59.10
4 5 19.60
4 6 82.00
4 7 66.02
4 8 45.40
4 9 36.68
4 10 76.60
4 11 89.15
5 6 83.45
5 7 31.35
5 8 12.33
5 9 66.18
5 10 66.00
5 11 87.53
6 7 63.40
6 8 42.84
6 9 30.42
6 10 38.56
6 11 8.29
7 8 20.47
7 9 73.16
7 10 36.92
7 11 72.29
8 9 44.59
8 10 81.20
8 11 17.40
9 10 58.23
9 11 15.14
10 11 76.70
#
1 2 41.64
1 3 73.29
1 4 35.80
1 5 64.76
1 6 55.29
1 7 96.83
1 8 18.68
1 9 95.49
1 10 81.95
1 11 7.84
2 3 78.94
2 4 13.31
2 5 23.69
2 6 53.64
2 7 82.83
2 8 11.22
2 9 17.04
2 10 34.19
2 11 36.65
3 4 59.13
3 5 37.48
3 6 60.64
3 7 32.29
3 8 77.93
3 9 32.93
3 10 80.40
3 11 59.13
4 5 45.33
4 6 38.64
4 7 77.79
4 8 22.03
4 9 83.80
4 10 51.08
4 11 61.35
5 6 57.08
5 7 14.89
5 8 66.70
5 9 70.77
5 10 10.38
5 11 48.66
6 7 82.13
6 8 84.32
6 9 56.97
6 10 5.82
6 11 46.49
7 8 48.32
7 9 12.04
7 10 67.05
7 11 77.51
8 9 52.21
8 10 26.18
8 11 23.52
9 10 12.85
9 11 61.99
10 11 96.45
#
1 2 40.78
1 3 42.40
1 4 64.10
1 5 89.63
1 6 84.56
1 7 41.90
1 8 20.18
1 9 68.36
1 10 87.98
1 11 76.54
2 3 25.44
2 4 11.40
2 5 43.24
2 6 99.73
2 7 16.78
2 8 86.90
2 9 81.86
2 10 9.63
2 11 52.39
3 4 82.68
3 5 51.12
3 6 9.23
3 7 98.25
3 8 26.69
3 9 81.75
3 10 50.46
3 11 47.88
4 5 5.27
4 6 58.32
4 7 18.39
4 8 10.24
4 9 7.62
4 10 64.31
4 11 69.34
5 6 92.26
5 7 48.87
5 8 11.24
5 9 12.44
5 10 25.75
5 11 7.75
6 7 92.50
6 8 46.20
6 9 14.15
6 10 44.27
6 11 45.93
7 8 34.45
7 9 39.69
7 10 36.32
7 11 47.60
8 9 95.61
8 10 19.00
8 11 7.24
9 10 99.84
9 11 25.77
10 11 28.94
#
1 2 90.11
1 3 71.24
1 4 80.34
1 5 90.38
1 6 38.08
1 7 7.25
1 8 95.62
1 9 40.70
1 10 66.57
1 11 73.49
2 3 41.48
2 4 15.44
2 5 79.73
2 6 57.45
2 7 44.72
2 8 91.00
2 9 49.95
2 10 85.92
2 11 13.67
3 4 97.74
3 5 40.37
3 6 51.65
3 7 37.44
3 8 71.69
3 9 94.25
3 10 33.05
3 11 94.22
4 5 10.02
4 6 41.41
4 7 19.99
4 8 42.48
4 9 31.53
4 10 94.75
4 11 22.82
5 6 30.43
5 7 32.83
5 8 25.07
5 9 34.58
5 10 77.06
5 11 95.16
6 7 8.07
6 8 27.06
6 9 19.13
6 10 91.32
6 11 79.51
7 8 58.85
7 9 82.33
7 10 37.99
7 11 44.77
8 9 91.00
8 10 35.73
8 11 88.66
9 10 51.17
9 11 76.69
10 11 68.88
#
1 2 45.43
1 3 18.26
1 4 71.62
1 5 58.97
1 6 54.68
1 7 95.13
1 8 96.45
1 9 81.21
1 10 89.89
1 11 27.79
2 3 20.16
2 4 31.24
2 5 47.86
2 6 49.74
2 7 16.82
2 8 43.03
2 9 52.81
2 10 38.89
2 11 65.68
3 4 52.66
3 5 26.92
3 6 24.53
3 7 34.99
3 8 59.91
3 9 72.82
3 10 34.51
3 11 99.17
4 5 61.48
4 6 80.69
4 7 75.86
4 8 38.88
4 9 34.64
4 10 89.13
4 11 10.50
5 6 88.61
5 7 52.33
5 8 14.16
5 9 93.58
5 10 33.54
5 11 12.57
6 7 21.37
6 8 48.70
6 9 47.33
6 10 72.75
6 11 6.97
7 8 59.16
7 9 24.30
7 10 63.30
7 11 93.05
8 9 84.98
8 10 15.96
8 11 28.49
9 10 9.51
9 11 54.47
10 11 83.41
#
1 2 77.33
1 3 92.51
1 4 91.10
1 5 47.34
1 6 73.20
1 7 75.48
1 8 81.22
1 9 16.36
1 10 73.13
1 11 95.25
2 3 13.49
2 4 25.46
2 5 9.41
2 6 7.07
2 7 62.52
2 8 25.50
2 9 23.44
2 10 19.75
2 11 67.83
3 4 99.71
3 5 21.72
3 6 26.99
3 7 24.02
3 8 80.02
3 9 28.56
3 10 9.00
3 11 99.51
4 5 52.06
4 6 13.52
4 7 53.98
4 8 43.99
4 9 94.37
4 10 46.49
4 11 35.09
5 6 41.71
5 7 28.21
5 8 10.57
5 9 31.46
5 10 39.57
5 11 78.71
6 7 26.71
6 8 48.06
6 9 99.17
6 10 39.64
6 11 58.65
7 8 70.22
7 9 68.66
7 10 85.61
7 11 84.97
8 9 36.49
8 10 85.33
8 11 6.69
9 10 58.49
9 11 9.35
10 11 90.23
#
1 2 90.57
1 3 13.35
1 4 89.74
1 5 42.63
1 6 21.87
1 7 43.73
1 8 90.14
1 9 24.77
1 10 85.22
1 11 25.23
2 3 61.48
2 4 13.44
2 5 39.33
2 6 87.94
2 7 56.53
2 8 18.04
2 9 23.17
2 10 13.12
2 11 25.73
3 4 66.33
3 5 66.77
3 6 90.95
3 7 34.99
3 8 52.39
3 9 75.92
3 10 66.49
3 11 37.72
4 5 86.13
4 6 33.50
4 7 42.07
4 8 76.37
4 9 32.59
4 10 58.94
4 11 66.11
5 6 78.75
5 7 84.34
5 8 9.84
5 9 68.89
5 10 9.11
5 11 98.59
6 7 97.65
6 8 65.59
6 9 20.55
6 10 36.98
6 11 62.06
7 8 72.08
7 9 58.54
7 10 88.75
7 11 88.72
8 9 79.27
8 10 55.09
8 11 55.50
9 10 78.75
9 11 93.60
10 11 7.89
#
1 2 63.19
1 3 68.61
1 4 49.13
1 5 49.33
1 6 10.63
1 7 86.20
1 8 25.70
1 9 38.23
1 10 45.14
1 11 95.33
2 3 16.98
2 4 29.48
2 5 13.70
2 6 89.39
2 7 42.11
2 8 12.29
2 9 87.04
2 10 7.71
2 11 36.36
3 4 24.02
3 5 73.29
3 6 16.96
3 7 86.08
3 8 62.04
3 9 5.69
3 10 65.36
3 11 17.13
4 5 56.19
4 6 52.63
4 7 10.74
4 8 67.60
4 9 24.34
4 10 82.87
4 11 16.73
5 6 68.67
5 7 88.51
5 8 11.45
5 9 97.89
5 10 35.26
5 11 60.11
6 7 6.75
6 8 47.24
6 9 93.12
6 10 15.45
6 11 45.15
7 8 35.23
7 9 22.74
7 10 32.20
7 11 46.46
8 9 62.62
8 10 59.74
8 11 19.75
9 10 74.58
9 11 45.83
10 11 76.80
#
1 2 75.27
1 3 19.71
1 4 97.45
1 5 39.98
1 6 75.86
1 7 16.71
1 8 7.58
1 9 95.20
1 10 94.59
1 11 27.83
2 3 72.40
2 4 83.10
2 5 42.80
2 6 70.29
2 7 18.36
2 8 11.44
2 9 72.04
2 10 69.12
2 11 99.56
3 4 82.49
3 5 22.79
3 6 43.31
3 7 13.75
3 8 49.99
3 9 84.78
3 10 79.89
3 11 18.26
4 5 99.53
4 6 54.48
4 7 67.61
4 8 84.85
4 9 38.27
4 10 82.32
4 11 82.31
5 6 73.26
5 7 66.70
5 8 94.02
5 9 84.36
5 10 61.90
5 11 88.61
6 7 12.20
6 8 34.30
6 9 80.23
6 10 58.52
6 11 13.12
7 8 7.11
7 9 64.96
7 10 88.68
7 11 79.75
8 9 64.52
8 10 79.70
8 11 97.55
9 10 16.36
9 11 88.45
10 11 56.06
#
1 2 96.14
1 3 76.87
1 4 69.32
1 5 9.19
1 6 31.35
1 7 36.93
1 8 89.05
1 9 64.62
1 10 27.77
1 11 79.88
2 3 37.88
2 4 89.47
2 5 73.90
2 6 30.77
2 7 51.38
2 8 71.04
2 9 46.49
2 10 89.20
2 11 59.79
3 4 5.01
3 5 97.32
3 6 61.91
3 7 64.98
3 8 86.01
3 9 41.66
3 10 38.02
3 11 65.71
4 5 47.73
4 6 49.38
4 7 62.68
4 8 98.80
4 9 54.04
4 10 39.55
4 11 68.12
5 6 66.76
5 7 74.42
5 8 13.58
5 9 64.33
5 10 39.05
5 11 36.35
6 7 44.21
6 8 80.45
6 9 25.83
6 10 26.63
6 11 19.74
7 8 80.73
7 9 92.67
7 10 61.23
7 11 69.93
8 9 52.47
8 10 61.25
8 11 75.78
9 10 22.90
9 11 34.75
10 11 70.31
#
1 2 68.08
1 3 76.29
1 4 36.02
1 5 15.82
1 6 25.68
1 7 7.22
1 8 14.62
1 9 83.24
1 10 50.30
1 11 86.26
2 3 50.00
2 4 24.72
2 5 94.84
2 6 22.85
2 7 67.29
2 8 31.20
2 9 62.06
2 10 56.27
2 11 60.55
3 4 83.70
3 5 71.01
3 6 41.28
3 7 84.89
3 8 32.25
3 9 19.73
3 10 45.88
3 11 97.02
4 5 90.51
4 6 72.30
4 7 31.77
4 8 60.82
4 9 40.39
4 10 8.06
4 11 5.36
5 6 59.73
5 7 37.26
5 8 16.11
5 9 69.35
5 10 29.03
5 11 69.93
6 7 55.61
6 8 82.55
6 9 89.65
6 10 50.46
6 11 5.41
7 8 65.47
7 9 85.18
7 10 62.47
7 11 21.74
8 9 45.73
8 10 54.69
8 11 96.27
9 10 90.53
9 11 39.59
10 11 28.52
#
1 2 10.26
1 3 88.99
1 4 34.06
1 5 9.30
1 6 61.30
1 7 60.83
1 8 73.64
1 9 10.21
1 10 72.42
1 11 82.53
2 3 64.94
2 4 18.20
2 5 93.64
2 6 42.81
2 7 42.23
2 8 72.09
2 9 93.42
2 10 24.79
2 11 70.26
3 4 52.40
3 5 25.20
3 6 35.73
3 7 46.10
3 8 91.19
3 9 60.99
3 10 86.83
3 11 45.89
4 5 57.27
4 6 77.36
4 7 89.00
4 8 89.31
4 9 91.15
4 10 86.51
4 11 23.38
5 6 95.45
5 7 47.81
5 8 87.73
5 9 69.09
5 10 61.54
5 11 60.15
6 7 51.62
6 8 26.48
6 9 73.36
6 10 53.78
6 11 64.29
7 8 15.59
7 9 25.87
7 10 66.24
7 11 43.90
8 9 91.14
8 10 27.16
8 11 64.10
9 10 35.39
9 11 68.27
10 11 55.30
#
1 2 91.39
1 3 63.62
1 4 9.71
1 5 57.18
1 6 49.51
1 7 93.71
1 8 55.01
1 9 40.66
1 10 80.22
1 11 73.39
2 3 36.11
2 4 36.56
2 5 69.65
2 6 13.72
2 7 93.10
2 8 29.80
2 9 60.35
2 10 28.11
2 11 11.68
3 4 22.65
3 5 95.92
3 6 30.80
3 7 43.53
3 8 70.68
3 9 69.70
3 10 43.19
3 11 6.37
4 5 42.33
4 6 73.58
4 7 78.16
4 8 6.15
4 9 73.49
4 10 41.78
4 11 10.86
5 6 39.19
5 7 94.81
5 8 13.09
5 9 89.21
5 10 35.47
5 11 96.83
6 7 71.12
6 8 66.58
6 9 33.39
6 10 40.77
6 11 75.31
7 8 35.02
7 9 74.10
7 10 44.18
7 11 66.65
8 9 89.30
8 10 61.83
8 11 62.57
9 10 20.10
9 11 13.88
10 11 41.78
#
1 2 93.33
1 3 60.59
1 4 43.15
1 5 35.66
1 6 42.70
1 7 29.83
1 8 36.81
1 9 24.71
1 10 66.61
1 11 51.19
2 3 58.91
2 4 69.95
2 5 59.28
2 6 56.64
2 7 5.42
2 8 56.11
2 9 27.76
2 10 75.53
2 11 93.03
3 4 72.06
3 5 59.36
3 6 28.05
3 7 54.68
3 8 12.06
3 9 89.70
3 10 43.98
3 11 77.41
4 5 60.79
4 6 67.61
4 7 94.82
4 8 11.09
4 9 60.94
4 10 55.41
4 11 49.24
5 6 91.60
5 7 6.63
5 8 82.59
5 9 36.93
5 10 26.35
5 11 57.73
6 7 83.12
6 8 80.26
6 9 27.68
6 10 42.40
6 11 45.42
7 8 28.10
7 9 7.03
7 10 68.18
7 11 12.15
8 9 95.06
8 10 48.76
8 11 66.51
9 10 23.11
9 11 11.96
10 11 73.57
#
1 2 21.33
1 3 50.95
1 4 59.51
1 5 85.65
1 6 18.56
1 7 54.33
1 8 91.74
1 9 83.02
1 10 9.74
1 11 49.51
2 3 74.62
2 4 11.38
2 5 32.10
2 6 20.07
2 7 41.25
2 8 84.83
2 9 98.19
2 10 21.51
2 11 12.51
3 4 49.11
3 5 61.93
3 6 44.14
3 7 51.14
3 8 38.63
3 9 51.29
3 10 46.21
3 11 90.92
4 5 26.33
4 6 72.84
4 7 97.88
4 8 8.42
4 9 97.70
4 10 57.35
4 11 62.93
5 6 83.35
5 7 79.43
5 8 17.26
5 9 83.61
5 10 62.45
5 11 30.53
6 7 41.64
6 8 45.59
6 9 36.91
6 10 68.75
6 11 69.18
7 8 73.16
7 9 62.10
7 10 67.37
7 11 98.19
8 9 78.14
8 10 25.00
8 11 68.64
9 10 22.28
9 11 71.15
10 11 15.79
#
1 2 77.09
1 3 25.88
1 4 6.71
1 5 98.42
1 6 93.72
1 7 13.12
1 8 6.85
1 9 99.94
1 10 73.99
1 11 64.78
2 3 83.29
2 4 61.95
2 5 85.57
2 6 75.43
2 7 32.92
2 8 16.10
2 9 17.07
2 10 82.04
2 11 48.01
3 4 89.34
3 5 51.22
3 6 29.69
3 7 51.45
3 8 18.60
3 9 36.40
3 10 38.11
3 11 38.60
4 5 5.04
4 6 55.39
4 7 18.27
4 8 24.35
4 9 41.00
4 10 39.15
4 11 34.59
5 6 39.43
5 7 41.40
5 8 42.71
5 9 49.80
5 10 41.34
5 11 25.22
6 7 23.10
6 8 33.16
6 9 82.17
6 10 8.67
6 11 17.11
7 8 23.62
7 9 19.77
7 10 29.18
7 11 5.66
8 9 62.78
8 10 27.05
8 11 51.88
9 10 95.99
9 11 82.02
10 11 74.00
#
1 2 32.39
1 3 20.13
1 4 21.13
1 5 40.95
1 6 79.04
1 7 34.40
1 8 60.31
1 9 20.04
1 10 77.08
1 11 89.90
2 3 54.47
2 4 27.00
2 5 41.13
2 6 12.79
2 7 71.86
2 8 69.87
2 9 30.90
2 10 13.54
2 11 60.57
3 4 34.57
3 5 25.65
3 6 79.19
3 7 49.35
3 8 58.36
3 9 79.85
3 10 20.65
3 11 80.41
4 5 31.73
4 6 16.65
4 7 62.43
4 8 14.26
4 9 52.56
4 10 86.08
4 11 30.39
5 6 97.04
5 7 65.12
5 8 59.79
5 9 57.35
5 10 80.16
5 11 45.39
6 7 55.77
6 8 43.16
6 9 67.39
6 10 5.42
6 11 50.95
7 8 39.26
7 9 70.29
7 10 76.85
7 11 47.80
8 9 30.86
8 10 11.43
8 11 76.98
9 10 10.05
9 11 55.78
10 11 35.34
#
1 2 93.42
1 3 71.43
1 4 24.27
1 5 33.68
1 6 91.60
1 7 90.22
1 8 42.94
1 9 44.17
1 10 76.30
1 11 68.33
2 3 41.21
2 4 41.42
2 5 28.12
2 6 7.08
2 7 30.10
2 8 77.04
2 9 57.85
2 10 68.26
2 11 44.43
3 4 66.79
3 5 27.74
3 6 87.21
3 7 37.08
3 8 99.59
3 9 35.02
3 10 62.95
3 11 19.54
4 5 12.00
4 6 76.52
4 7 70.32
4 8 50.86
4 9 69.95
4 10 50.28
4 11 70.13
5 6 98.63
5 7 50.40
5 8 60.35
5 9 41.57
5 10 98.09
5 11 36.65
6 7 9.90
6 8 47.82
6 9 81.59
6 10 41.54
6 11 49.90
7 8 11.69
7 9 18.58
7 10 16.27
7 11 83.48
8 9 66.54
8 10 78.06
8 11 11.22
9 10 53.75
9 11 23.67
10 11 10.81
#
1 2 92.29
1 3 81.62
1 4 25.36
1 5 12.81
1 6 66.66
1 7 99.20
1 8 58.67
1 9 36.61
1 10 58.00
1 11 28.80
2 3 43.76
2 4 8.41
2 5 92.67
2 6 88.85
2 7 6.50
2 8 29.32
2 9 93.75
2 10 49.33
2 11 10.91
3 4 43.82
3 5 7.75
3 6 26.13
3 7 65.92
3 8 27.55
3 9 9.61
3 10 32.46
3 11 14.13
4 5 15.83
4 6 89.74
4 7 32.80
4 8 30.16
4 9 82.03
4 10 22.94
4 11 50.52
5 6 98.37
5 7 84.61
5 8 58.25
5 9 57.04
5 10 29.74
5 11 16.25
6 7 89.37
6 8 68.51
6 9 28.18
6 10 82.04
6 11 57.36
7 8 29.69
7 9 19.89
7 10 59.64
7 11 82.54
8 9 34.32
8 10 11.98
8 11 93.81
9 10 55.45
9 11 72.90
10 11 21.36
#
1 2 68.58
1 3 13.89
1 4 30.50
1 5 79.41
1 6 98.63
1 7 58.30
1 8 18.10
1 9 89.18
1 10 76.25
1 11 72.14
2 3 87.55
2 4 69.38
2 5 30.39
2 6 44.60
2 7 94.12
2 8 50.17
2 9 42.49
2 10 71.15
2 11 73.35
3 4 33.05
3 5 28.52
3 6 11.56
3 7 47.94
3 8 91.68
3 9 97.62
3 10 77.27
3 11 12.18
4 5 91.44
4 6 41.24
4 7 80.08
4 8 21.32
4 9 9.83
4 10 97.49
4 11 46.82
5 6 92.76
5 7 96.12
5 8 13.65
5 9 10.86
5 10 85.31
5 11 93.42
6 7 78.01
6 8 81.38
6 9 62.80
6 10 16.92
6 11 34.50
7 8 65.44
7 9 62.09
7 10 71.99
7 11 36.60
8 9 43.97
8 10 5.05
8 11 68.64
9 10 50.53
9 11 56.51
10 11 60.32
#
1 2 48.16
1 3 33.78
1 4 76.02
1 5 48.12
1 6 78.55
1 7 56.10
1 8 64.44
1 9 91.90
1 10 53.60
1 11 19.79
2 3 84.66
2 4 58.24
2 5 36.96
2 6 99.05
2 7 52.07
2 8 30.38
2 9 85.58
2 10 33.46
2 11 96.70
3 4 97.50
3 5 62.96
3 6 62.14
3 7 59.60
3 8 43.48
3 9 93.74
3 10 98.57
3 11 52.05
4 5 62.38
4 6 57.62
4 7 8.56
4 8 31.22
4 9 14.30
4 10 37.35
4 11 7.24
5 6 57.42
5 7 24.42
5 8 66.87
5 9 30.39
5 10 16.32
5 11 28.99
6 7 45.18
6 8 95.98
6 9 82.23
6 10 85.66
6 11 8.55
7 8 42.83
7 9 16.04
7 10 89.13
7 11 79.81
8 9 21.26
8 10 86.64
8 11 51.29
9 10 78.40
9 11 54.76
10 11 89.77
#
1 2 80.67
1 3 61.85
1 4 41.82
1 5 51.57
1 6 19.47
1 7 45.39
1 8 77.80
1 9 28.78
1 10 86.26
1 11 88.56
2 3 89.72
2 4 19.20
2 5 55.43
2 6 20.11
2 7 30.52
2 8 79.42
2 9 68.81
2 10 35.02
2 11 70.18
3 4 54.47
3 5 38.58
3 6 21.53
3 7 74.03
3 8 27.71
3 9 96.34
3 10 98.81
3 11 14.35
4 5 47.63
4 6 85.74
4 7 72.63
4 8 45.93
4 9 66.41
4 10 34.48
4 11 91.27
5 6 17.98
5 7 48.96
5 8 45.18
5 9 99.30
5 10 81.26
5 11 39.96
6 7 87.87
6 8 70.98
6 9 54.16
6 10 43.30
6 11 94.62
7 8 79.68
7 9 31.25
7 10 71.95
7 11 14.71
8 9 9.95
8 10 34.95
8 11 48.29
9 10 26.48
9 11 8.98
10 11 79.52
#
1 2 31.34
1 3 16.32
1 4 88.88
1 5 73.97
1 6 97.06
1 7 61.51
1 8 28.42
1 9 63.47
1 10 99.52
1 11 19.70
2 3 84.97
2 4 48.48
2 5 59.88
2 6 84.28
2 7 29.74
2 8 94.85
2 9 72.15
2 10 9.24
2 11 49.01
3 4 23.97
3 5 98.86
3 6 37.22
3 7 50.22
3 8 79.34
3 9 55.45
3 10 55.17
3 11 14.29
4 5 98.74
4 6 85.17
4 7 26.79
4 8 86.78
4 9 16.51
4 10 38.11
4 11 75.66
5 6 94.01
5 7 35.17
5 8 45.70
5 9 22.43
5 10 93.64
5 11 53.74
6 7 37.13
6 8 78.62
6 9 97.22
6 10 5.54
6 11 62.90
7 8 35.48
7 9 8.91
7 10 43.57
7 11 39.72
8 9 61.44
8 10 62.54
8 11 47.11
9 10 93.66
9 11 12.77
10 11 26.45
#
1 2 49.11
1 3 71.46
1 4 44.26
1 5 56.37
1 6 56.64
1 7 66.05
1 8 43.16
1 9 76.67
1 10 99.17
1 11 27.34
2 3 70.68
2 4 34.34
2 5 76.56
2 6 88.12
2 7 36.51
2 8 30.30
2 9 33.77
2 10 23.65
2 11 36.04
3 4 42.83
3 5 90.07
3 6 66.52
3 7 46.74
3 8 33.64
3 9 14.77
3 10 8.19
3 11 99.70
4 5 56.88
4 6 10.37
4 7 12.47
4 8 86.85
4 9 63.01
4 10 87.46
4 11 31.11
5 6 19.38
5 7 52.62
5 8 5.68
5 9 66.06
5 10 29.29
5 11 99.85
6 7 96.93
6 8 8.50
6 9 42.72
6 10 73.49
6 11 91.62
7 8 82.75
7 9 12.32
7 10 33.91
7 11 6.40
8 9 43.36
8 10 71.75
8 11 91.47
9 10 9.89
9 11 18.49
10 11 33.63
#
1 2 19.66
1 3 30.20
1 4 33.33
1 5 80.06
1 6 44.10
1 7 49.33
1 8 75.43
1 9 7.11
1 10 45.31
1 11 15.06
2 3 30.01
2 4 92.93
2 5 24.26
2 6 91.08
2 7 30.74
2 8 24.12
2 9 88.01
2 10 34.24
2 11 70.36
3 4 70.02
3 5 25.86
3 6 53.11
3 7 77.34
3 8 63.30
3 9 54.51
3 10 20.71
3 11 35.05
4 5 54.50
4 6 34.12
4 7 57.06
4 8 91.65
4 9 57.30
4 10 90.79
4 11 24.98
5 6 45.88
5 7 34.89
5 8 77.83
5 9 29.83
5 10 37.00
5 11 23.14
6 7 48.41
6 8 62.01
6 9 16.07
6 10 67.67
6 11 61.61
7 8 41.82
7 9 86.79
7 10 58.14
7 11 71.06
8 9 65.67
8 10 28.17
8 11 5.45
9 10 18.78
9 11 14.03
10 11 72.27
#
1 2 76.81
1 3 38.26
1 4 7.32
1 5 39.83
1 6 67.38
1 7 67.90
1 8 31.48
1 9 33.20
1 10 67.21
1 11 59.99
2 3 74.08
2 4 97.10
2 5 37.82
2 6 12.43
2 7 42.62
2 8 64.49
2 9 55.84
2 10 13.16
2 11 84.08
3 4 23.52
3 5 69.77
3 6 25.90
3 7 18.83
3 8 36.44
3 9 5.49
3 10 79.51
3 11 59.61
4 5 14.46
4 6 6.81
4 7 68.64
4 8 81.73
4 9 78.63
4 10 6.91
4 11 92.57
5 6 26.98
5 7 77.81
5 8 68.99
5 9 53.47
5 10 11.02
5 11 36.21
6 7 13.46
6 8 88.62
6 9 41.83
6 10 54.80
6 11 9.58
7 8 79.46
7 9 19.29
7 10 60.42
7 11 87.62
8 9 98.38
8 10 87.46
8 11 65.91
9 10 32.80
9 11 14.82
10 11 97.35
#
1 2 41.81
1 3 97.85
1 4 65.48
1 5 59.79
1 6 99.66
1 7 42.65
1 8 50.04
1 9 86.81
1 10 44.56
1 11 51.13
2 3 13.80
2 4 30.89
2 5 28.65
2 6 62.27
2 7 45.43
2 8 59.86
2 9 79.25
2 10 42.58
2 11 96.69
3 4 42.57
3 5 47.16
3 6 84.67
3 7 56.87
3 8 16.10
3 9 80.81
3 10 63.77
3 11 98.57
4 5 46.73
4 6 5.09
4 7 21.91
4 8 52.60
4 9 50.43
4 10 19.76
4 11 18.09
5 6 18.74
5 7 19.42
5 8 55.74
5 9 63.79
5 10 14.76
5 11 8.82
6 7 23.44
6 8 23.56
6 9 43.23
6 10 47.09
6 11 89.35
7 8 83.67
7 9 15.47
7 10 68.60
7 11 26.25
8 9 20.69
8 10 19.69
8 11 76.93
9 10 5.36
9 11 71.56
10 11 96.55
#
1 2 81.18
1 3 43.85
1 4 95.12
1 5 36.43
1 6 52.47
1 7 17.03
1 8 92.55
1 9 11.42
1 10 40.31
1 11 10.64
2 3 25.16
2 4 54.74
2 5 69.90
2 6 92.47
2 7 64.50
2 8 82.24
2 9 24.44
2 10 91.58
2 11 25.48
3 4 66.53
3 5 80.93
3 6 17.67
3 7 85.53
3 8 58.05
3 9 47.44
3 10 6.22
3 11 72.74
4 5 24.37
4 6 15.10
4 7 52.83
4 8 20.92
4 9 91.28
4 10 5.20
4 11 24.57
5 6 36.23
5 7 52.67
5 8 45.12
5 9 28.79
5 10 67.61
5 11 80.44
6 7 42.95
6 8 87.78
6 9 43.70
6 10 12.86
6 11 88.77
7 8 8.20
7 9 98.62
7 10 13.21
7 11 8.30
8 9 24.10
8 10 83.27
8 11 84.23
9 10 36.77
9 11 68.80
10 11 42.28
#
1 2 79.21
1 3 78.54
1 4 15.02
1 5 12.10
1 6 88.64
1 7 71.37
1 8 36.55
1 9 88.45
1 10 71.58
1 11 56.12
2 3 24.68
2 4 32.77
2 5 9.76
2 6 56.99
2 7 95.39
2 8 93.72
2 9 94.95
2 10 91.69
2 11 37.42
3 4 16.33
3 5 80.46
3 6 49.14
3 7 14.95
3 8 97.20
3 9 52.44
3 10 34.06
3 11 88.99
4 5 36.67
4 6 74.35
4 7 66.31
4 8 82.47
4 9 62.09
4 10 44.85
4 11 6.02
5 6 69.19
5 7 33.49
5 8 72.39
5 9 5.74
5 10 21.94
5 11 43.97
6 7 65.38
6 8 50.15
6 9 71.75
6 10 78.67
6 11 7.14
7 8 75.66
7 9 72.39
7 10 97.09
7 11 67.35
8 9 9.82
8 10 21.94
8 11 56.33
9 10 62.48
9 11 31.90
10 11 62.05
#
1 2 14.93
1 3 69.48
1 4 59.56
1 5 55.12
1 6 43.83
1 7 25.87
1 8 46.12
1 9 5.92
1 10 74.24
1 11 47.14
2 3 78.64
2 4 16.26
2 5 19.53
2 6 87.90
2 7 33.20
2 8 67.03
2 9 53.29
2 10 86.87
2 11 47.30
3 4 40.48
3 5 97.54
3 6 31.48
3 7 12.87
3 8 94.63
3 9 93.83
3 10 26.21
3 11 25.10
4 5 58.68
4 6 83.70
4 7 52.00
4 8 20.74
4 9 7.15
4 10 21.48
4 11 75.30
5 6 65.79
5 7 68.83
5 8 9.70
5 9 11.91
5 10 69.76
5 11 78.94
6 7 54.05
6 8 56.92
6 9 90.20
6 10 77.11
6 11 44.82
7 8 31.93
7 9 52.66
7 10 6.63
7 11 27.32
8 9 94.96
8 10 42.11
8 11 24.86
9 10 26.44
9 11 58.51
10 11 28.02
#
1 2 28.79
1 3 88.24
1 4 48.12
1 5 82.47
1 6 71.94
1 7 95.12
1 8 11.73
1 9 82.61
1 10 25.12
1 11 90.56
2 3 48.41
2 4 88.95
2 5 95.26
2 6 55.32
2 7 67.23
2 8 82.72
2 9 9.38
2 10 32.67
2 11 81.45
3 4 90.01
3 5 72.50
3 6 21.90
3 7 42.67
3 8 82.65
3 9 44.22
3 10 46.15
3 11 33.29
4 5 64.09
4 6 76.11
4 7 86.80
4 8 87.11
4 9 99.90
4 10 75.04
4 11 43.75
5 6 90.89
5 7 55.51
5 8 47.39
5 9 97.63
5 10 38.12
5 11 67.51
6 7 96.71
6 8 90.05
6 9 64.98
6 10 91.97
6 11 45.38
7 8 32.22
7 9 83.21
7 10 58.28
7 11 59.89
8 9 64.66
8 10 48.29
8 11 40.91
9 10 81.56
9 11 85.96
10 11 32.09
#
1 2 34.31
1 3 32.11
1 4 60.38
1 5 93.40
1 6 8.22
1 7 55.70
1 8 89.03
1 9 16.64
1 10 39.26
1 11 41.30
2 3 7.53
2 4 89.77
2 5 83.69
2 6 13.68
2 7 36.42
2 8 59.72
2 9 10.39
2 10 26.47
2 11 24.70
3 4 10.88
3 5 75.37
3 6 60.44
3 7 97.62
3 8 33.65
3 9 28.86
3 10 62.28
3 11 76.94
4 5 64.77
4 6 52.37
4 7 71.42
4 8 91.86
4 9 81.68
4 10 98.53
4 11 60.76
5 6 83.60
5 7 15.27
5 8 16.46
5 9 81.15
5 10 26.91
5 11 50.73
6 7 22.45
6 8 37.97
6 9 40.50
6 10 14.66
6 11 55.17
7 8 80.44
7 9 69.38
7 10 69.09
7 11 15.44
8 9 89.08
8 10 74.97
8 11 85.81
9 10 49.53
9 11 81.11
10 11 27.99
#
1 2 73.39
1 3 43.40
1 4 13.45
1 5 46.68
1 6 99.29
1 7 79.88
1 8 38.55
1 9 89.49
1 10 86.93
1 11 7.83
2 3 73.09
2 4 97.21
2 5 19.30
2 6 62.76
2 7 32.64
2 8 65.03
2 9 80.21
2 10 65.61
2 11 14.05
3 4 98.39
3 5 29.31
3 6 98.02
3 7 67.77
3 8 93.40
3 9 13.46
3 10 56.85
3 11 76.89
4 5 7.79
4 6 14.90
4 7 58.01
4 8 39.30
4 9 83.29
4 10 9.93
4 11 47.76
5 6 38.50
5 7 9.22
5 8 27.64
5 9 80.57
5 10 93.71
5 11 14.57
6 7 83.40
6 8 75.32
6 9 20.30
6 10 97.70
6 11 38.08
7 8 47.95
7 9 71.25
7 10 26.81
7 11 22.08
8 9 80.31
8 10 25.20
8 11 46.39
9 10 78.33
9 11 87.97
10 11 39.79
#
1 2 95.31
1 3 53.34
1 4 16.69
1 5 98.10
1 6 63.25
1 7 78.22
1 8 45.93
1 9 55.06
1 10 83.15
1 11 88.69
2 3 88.56
2 4 87.37
2 5 24.85
2 6 77.65
2 7 89.60
2 8 42.94
2 9 61.06
2 10 64.92
2 11 58.25
3 4 67.28
3 5 98.00
3 6 14.72
3 7 38.54
3 8 24.81
3 9 31.80
3 10 18.85
3 11 45.01
4 5 81.72
4 6 5.70
4 7 41.50
4 8 30.03
4 9 96.01
4 10 89.84
4 11 41.72
5 6 7.63
5 7 61.61
5 8 28.46
5 9 48.56
5 10 16.68
5 11 11.61
6 7 37.25
6 8 13.76
6 9 93.98
6 10 65.62
6 11 86.42
7 8 83.58
7 9 8.57
7 10 56.00
7 11 48.50
8 9 70.34
8 10 23.28
8 11 55.02
9 10 88.58
9 11 56.82
10 11 74.83
#
1 2 20.38
1 3 70.67
1 4 28.36
1 5 10.62
1 6 79.89
1 7 64.86
1 8 35.66
1 9 75.90
1 10 54.71
1 11 80.90
2 3 78.54
2 4 16.32
2 5 9.37
2 6 35.62
2 7 36.52
2 8 15.98
2 9 76.40
2 10 53.81
2 11 18.49
3 4 42.02
3 5 40.23
3 6 10.59
3 7 54.11
3 8 99.75
3 9 62.62
3 10 24.45
3 11 23.03
4 5 17.64
4 6 13.03
4 7 74.86
4 8 96.00
4 9 36.94
4 10 54.05
4 11 24.36
5 6 51.08
5 7 33.95
5 8 92.75
5 9 81.74
5 10 18.37
5 11 55.98
6 7 71.17
6 8 91.91
6 9 75.82
6 10 75.54
6 11 36.06
7 8 12.35
7 9 95.04
7 10 12.46
7 11 69.68
8 9 22.05
8 10 58.00
8 11 18.43
9 10 36.17
9 11 12.12
10 11 18.18
#
1 2 93.79
1 3 40.09
1 4 36.21
1 5 19.95
1 6 56.65
1 7 19.59
1 8 15.95
1 9 97.11
1 10 77.17
1 11 43.84
2 3 48.19
2 4 11.12
2 5 36.59
2 6 38.46
2 7 33.01
2 8 96.09
2 9 9.63
2 10 33.45
2 11 71.91
3 4 88.69
3 5 64.51
3 6 87.78
3 7 92.25
3 8 71.97
3 9 57.46
3 10 14.31
3 11 29.97
4 5 70.89
4 6 45.48
4 7 45.61
4 8 84.07
4 9 47.79
4 10 80.71
4 11 28.81
5 6 62.74
5 7 37.36
5 8 43.40
5 9 82.22
5 10 34.47
5 11 29.09
6 7 34.58
6 8 86.18
6 9 43.73
6 10 74.69
6 11 24.64
7 8 71.75
7 9 70.78
7 10 29.27
7 11 5.20
8 9 42.69
8 10 26.48
8 11 64.71
9 10 39.00
9 11 18.74
10 11 45.20
#
1 2 99.98
1 3 36.57
1 4 78.69
1 5 70.88
1 6 85.57
1 7 24.31
1 8 63.47
1 9 33.36
1 10 13.54
1 11 87.28
2 3 99.62
2 4 45.90
2 5 39.21
2 6 81.84
2 7 83.89
2 8 63.30
2 9 24.94
2 10 70.07
2 11 15.56
3 4 94.63
3 5 98.24
3 6 82.31
3 7 65.41
3 8 27.51
3 9 82.51
3 10 16.63
3 11 49.00
4 5 47.22
4 6 59.15
4 7 71.26
4 8 95.94
4 9 59.13
4 10 7.83
4 11 74.63
5 6 30.01
5 7 88.40
5 8 93.94
5 9 97.01
5 10 21.76
5 11 7.48
6 7 92.81
6 8 29.90
6 9 56.90
6 10 40.54
6 11 20.27
7 8 49.31
7 9 12.37
7 10 40.21
7 11 27.91
8 9 22.93
8 10 34.85
8 11 26.15
9 10 5.24
9 11 8.78
10 11 57.18
#
1 2 82.75
1 3 28.93
1 4 14.70
1 5 38.49
1 6 83.08
1 7 80.96
1 8 34.43
1 9 42.22
1 10 83.79
1 11 9.06
2 3 75.75
2 4 80.71
2 5 11.53
2 6 72.76
2 7 10.99
2 8 22.53
2 9 74.10
2 10 35.90
2 11 74.44
3 4 14.64
3 5 51.17
3 6 32.27
3 7 22.01
3 8 86.38
3 9 63.70
3 10 39.94
3 11 29.75
4 5 84.85
4 6 40.18
4 7 33.54
4 8 50.56
4 9 31.45
4 10 57.47
4 11 60.26
5 6 64.94
5 7 49.08
5 8 49.75
5 9 7.89
5 10 86.30
5 11 42.06
6 7 11.96
6 8 62.05
6 9 22.78
6 10 18.49
6 11 43.34
7 8 28.77
7 9 36.02
7 10 25.96
7 11 59.67
8 9 18.98
8 10 35.60
8 11 19.36
9 10 54.78
9 11 52.62
10 11 5.75
#
1 2 18.48
1 3 96.08
1 4 39.02
1 5 11.86
1 6 44.79
1 7 76.08
1 8 57.42
1 9 71.24
1 10 33.56
1 11 26.20
2 3 44.71
2 4 77.64
2 5 70.95
2 6 47.60
2 7 72.46
2 8 13.02
2 9 63.08
2 10 43.03
2 11 30.80
3 4 85.09
3 5 89.89
3 6 63.09
3 7 29.64
3 8 15.85
3 9 31.29
3 10 52.14
3 11 46.46
4 5 45.65
4 6 6.92
4 7 7.60
4 8 54.92
4 9 28.93
4 10 12.20
4 11 88.95
5 6 35.79
5 7 51.99
5 8 65.03
5 9 96.73
5 10 31.76
5 11 7.11
6 7 22.93
6 8 79.99
6 9 88.27
6 10 97.41
6 11 27.59
7 8 60.73
7 9 18.95
7 10 94.20
7 11 12.29
8 9 53.27
8 10 79.29
8 11 97.18
9 10 16.36
9 11 8.93
10 11 13.04
#
1 2 42.65
1 3 64.60
1 4 63.02
1 5 83.31
1 6 66.52
1 7 74.14
1 8 46.75
1 9 98.97
1 10 81.34
1 11 35.70
2 3 43.28
2 4 33.34
2 5 9.26
2 6 40.01
2 7 68.62
2 8 11.37
2 9 66.47
2 10 48.61
2 11 8.17
3 4 72.40
3 5 79.72
3 6 63.90
3 7 86.35
3 8 73.92
3 9 79.71
3 10 39.62
3 11 53.22
4 5 76.90
4 6 59.50
4 7 65.67
4 8 93.46
4 9 97.16
4 10 38.79
4 11 56.48
5 6 88.99
5 7 13.84
5 8 30.62
5 9 35.74
5 10 12.81
5 11 20.48
6 7 74.97
6 8 51.10
6 9 48.82
6 10 79.23
6 11 94.63
7 8 25.96
7 9 94.12
7 10 69.62
7 11 69.57
8 9 97.29
8 10 50.54
8 11 49.30
9 10 69.72
9 11 36.89
10 11 23.22
#
1 2 49.43
1 3 80.03
1 4 79.96
1 5 34.85
1 6 39.54
1 7 54.16
1 8 28.31
1 9 45.22
1 10 96.47
1 11 88.31
2 3 42.73
2 4 10.31
2 5 27.45
2 6 81.99
2 7 18.13
2 8 42.94
2 9 56.96
2 10 72.75
2 11 95.28
3 4 44.71
3 5 75.90
3 6 21.25
3 7 38.84
3 8 45.53
3 9 94.34
3 10 44.65
3 11 91.07
4 5 43.64
4 6 22.89
4 7 36.49
4 8 70.39
4 9 67.33
4 10 16.52
4 11 58.87
5 6 10.70
5 7 59.58
5 8 21.55
5 9 34.02
5 10 99.80
5 11 18.03
6 7 30.85
6 8 51.05
6 9 23.34
6 10 53.31
6 11 33.05
7 8 44.99
7 9 99.77
7 10 93.53
7 11 26.26
8 9 95.05
8 10 38.25
8 11 97.17
9 10 24.82
9 11 80.61
10 11 51.22
#
1 2 19.17
1 3 33.78
1 4 42.29
1 5 66.33
1 6 51.68
1 7 82.30
1 8 36.72
1 9 27.53
1 10 7.35
1 11 99.12
2 3 33.23
2 4 61.93
2 5 29.19
2 6 70.77
2 7 70.26
2 8 50.74
2 9 96.63
2 10 21.31
2 11 77.61
3 4 58.46
3 5 57.88
3 6 22.60
3 7 58.23
3 8 51.42
3 9 43.87
3 10 61.80
3 11 93.19
4 5 49.56
4 6 81.63
4 7 82.32
4 8 95.78
4 9 95.80
4 10 16.10
4 11 46.59
5 6 62.13
5 7 71.30
5 8 28.90
5 9 7.38
5 10 93.83
5 11 31.25
6 7 15.02
6 8 27.07
6 9 96.70
6 10 39.21
6 11 6.36
7 8 66.96
7 9 84.96
7 10 11.51
7 11 91.80
8 9 62.57
8 10 64.97
8 11 49.68
9 10 88.69
9 11 31.72
10 11 9.62
#
1 2 41.08
1 3 88.53
1 4 97.81
1 5 85.64
1 6 70.16
1 7 88.65
1 8 89.94
1 9 65.96
1 10 99.76
1 11 36.54
2 3 36.61
2 4 79.58
2 5 68.96
2 6 38.99
2 7 73.42
2 8 8.73
2 9 49.01
2 10 9.01
2 11 5.43
3 4 91.75
3 5 10.37
3 6 75.92
3 7 85.23
3 8 25.41
3 9 76.24
3 10 56.32
3 11 85.38
4 5 34.44
4 6 45.01
4 7 17.11
4 8 39.07
4 9 89.62
4 10 5.64
4 11 45.40
5 6 83.78
5 7 70.80
5 8 34.06
5 9 73.73
5 10 45.28
5 11 42.34
6 7 10.27
6 8 76.89
6 9 21.92
6 10 82.75
6 11 24.41
7 8 90.34
7 9 86.48
7 10 76.94
7 11 7.87
8 9 95.43
8 10 68.69
8 11 21.77
9 10 79.87
9 11 62.44
10 11 42.18
#
1 2 56.11
1 3 18.76
1 4 36.08
1 5 85.56
1 6 67.30
1 7 48.19
1 8 24.63
1 9 56.92
1 10 57.35
1 11 73.55
2 3 40.70
2 4 36.67
2 5 7.61
2 6 14.43
2 7 76.95
2 8 44.95
2 9 28.22
2 10 62.37
2 11 61.88
3 4 10.97
3 5 81.78
3 6 60.74
3 7 5.97
3 8 58.72
3 9 72.14
3 10 96.41
3 11 35.94
4 5 88.91
4 6 76.28
4 7 6.90
4 8 39.61
4 9 40.92
4 10 20.67
4 11 70.69
5 6 26.48
5 7 91.49
5 8 18.89
5 9 54.63
5 10 48.41
5 11 71.24
6 7 28.18
6 8 92.63
6 9 7.92
6 10 39.32
6 11 15.59
7 8 88.39
7 9 79.27
7 10 47.33
7 11 50.76
8 9 49.67
8 10 53.31
8 11 41.06
9 10 18.94
9 11 62.80
10 11 8.31
#
1 2 86.08
1 3 67.73
1 4 47.77
1 5 74.99
1 6 52.54
1 7 49.67
1 8 14.60
1 9 88.46
1 10 65.34
1 11 88.81
2 3 23.46
2 4 65.35
2 5 7.70
2 6 73.09
2 7 13.76
2 8 82.47
2 9 9.79
2 10 14.92
2 11 93.91
3 4 44.11
3 5 25.51
3 6 82.30
3 7 31.91
3 8 67.84
3 9 41.59
3 10 85.10
3 11 29.67
4 5 77.65
4 6 99.04
4 7 87.48
4 8 89.48
4 9 85.12
4 10 63.73
4 11 37.25
5 6 68.63
5 7 16.27
5 8 81.93
5 9 86.75
5 10 99.73
5 11 55.79
6 7 75.57
6 8 23.19
6 9 21.15
6 10 86.79
6 11 99.80
7 8 38.43
7 9 77.78
7 10 9.60
7 11 48.35
8 9 71.69
8 10 57.23
8 11 77.38
9 10 62.52
9 11 92.66
10 11 45.23
#
1 2 12.63
1 3 77.77
1 4 78.42
1 5 93.80
1 6 85.33
1 7 74.42
1 8 83.29
1 9 70.46
1 10 38.16
1 11 20.54
2 3 47.61
2 4 49.43
2 5 10.99
2 6 42.89
2 7 49.17
2 8 61.79
2 9 26.98
2 10 75.88
2 11 86.46
3 4 22.29
3 5 75.69
3 6 24.89
3 7 95.08
3 8 88.81
3 9 76.77
3 10 66.77
3 11 54.56
4 5 54.15
4 6 37.81
4 7 47.23
4 8 7.90
4 9 45.44
4 10 25.00
4 11 81.33
5 6 39.25
5 7 10.33
5 8 55.75
5 9 31.06
5 10 84.31
5 11 88.91
6 7 55.12
6 8 40.45
6 9 38.35
6 10 61.12
6 11 86.86
7 8 91.04
7 9 31.43
7 10 13.84
7 11 66.92
8 9 17.89
8 10 31.13
8 11 51.13
9 10 46.30
9 11 26.21
10 11 39.94
#
1 2 23.07
1 3 96.51
1 4 89.51
1 5 80.75
1 6 34.32
1 7 36.74
1 8 83.65
1 9 83.29
1 10 65.26
1 11 64.98
2 3 31.06
2 4 79.11
2 5 29.26
2 6 57.12
2 7 71.95
2 8 18.17
2 9 12.24
2 10 12.40
2 11 60.04
3 4 76.88
3 5 7.78
3 6 59.60
3 7 8.31
3 8 16.62
3 9 35.05
3 10 29.72
3 11 51.27
4 5 81.18
4 6 71.03
4 7 81.01
4 8 21.13
4 9 97.62
4 10 77.52
4 11 19.16
5 6 78.37
5 7 20.36
5 8 59.42
5 9 62.03
5 10 12.17
5 11 33.20
6 7 35.53
6 8 38.23
6 9 12.31
6 10 59.79
6 11 98.87
7 8 87.78
7 9 81.49
7 10 11.12
7 11 95.18
8 9 50.05
8 10 83.00
8 11 11.48
9 10 9.66
9 11 94.84
10 11 23.10
#
1 2 39.71
1 3 24.56
1 4 77.90
1 5 29.41
1 6 99.11
1 7 58.91
1 8 54.06
1 9 96.74
1 10 44.95
1 11 68.22
2 3 83.63
2 4 68.83
2 5 36.16
2 6 54.18
2 7 76.01
2 8 64.36
2 9 84.72
2 10 14.24
2 11 80.20
3 4 53.03
3 5 21.64
3 6 67.98
3 7 43.04
3 8 27.76
3 9 71.69
3 10 88.10
3 11 19.28
4 5 78.17
4 6 6.28
4 7 22.64
4 8 9.80
4 9 49.51
4 10 42.21
4 11 82.70
5 6 73.92
5 7 41.32
5 8 50.13
5 9 27.99
5 10 46.58
5 11 90.08
6 7 99.73
6 8 30.22
6 9 58.91
6 10 35.90
6 11 87.92
7 8 43.44
7 9 8.78
7 10 72.64
7 11 61.21
8 9 83.98
8 10 34.20
8 11 77.85
9 10 51.97
9 11 72.24
10 11 14.13
#
1 2 23.66
1 3 60.34
1 4 28.41
1 5 96.83
1 6 61.62
1 7 54.58
1 8 6.63
1 9 11.13
1 10 91.79
1 11 92.85
2 3 88.58
2 4 41.63
2 5 42.98
2 6 25.09
2 7 83.22
2 8 33.06
2 9 24.82
2 10 21.96
2 11 95.50
3 4 64.24
3 5 9.88
3 6 38.94
3 7 76.55
3 8 86.05
3 9 95.15
3 10 60.53
3 11 28.77
4 5 73.00
4 6 21.02
4 7 96.01
4 8 82.13
4 9 39.68
4 10 64.88
4 11 19.07
5 6 45.04
5 7 35.02
5 8 77.17
5 9 55.19
5 10 49.68
5 11 68.96
6 7 48.05
6 8 38.26
6 9 19.11
6 10 86.03
6 11 66.87
7 8 10.85
7 9 19.10
7 10 95.21
7 11 36.33
8 9 23.12
8 10 67.98
8 11 41.22
9 10 57.06
9 11 44.53
10 11 35.79
#
1 2 60.74
1 3 5.06
1 4 59.56
1 5 42.26
1 6 21.09
1 7 64.09
1 8 32.92
1 9 64.29
1 10 37.49
1 11 55.51
2 3 9.33
2 4 67.52
2 5 32.68
2 6 68.05
2 7 25.72
2 8 10.16
2 9 16.10
2 10 67.50
2 11 24.27
3 4 97.13
3 5 34.37
3 6 30.13
3 7 24.75
3 8 29.58
3 9 61.46
3 10 42.87
3 11 92.56
4 5 11.20
4 6 8.46
4 7 37.09
4 8 50.51
4 9 64.20
4 10 45.68
4 11 10.07
5 6 14.98
5 7 70.29
5 8 77.69
5 9 42.90
5 10 43.10
5 11 15.18
6 7 93.41
6 8 55.96
6 9 86.22
6 10 34.61
6 11 24.01
7 8 11.94
7 9 39.77
7 10 35.11
7 11 74.44
8 9 59.05
8 10 40.76
8 11 17.33
9 10 92.70
9 11 60.52
10 11 50.44
#
1 2 62.68
1 3 11.91
1 4 43.00
1 5 68.89
1 6 15.37
1 7 83.62
1 8 19.40
1 9 83.09
1 10 37.82
1 11 33.00
2 3 6.60
2 4 8.11
2 5 19.21
2 6 44.50
2 7 54.73
2 8 37.91
2 9 46.44
2 10 10.69
2 11 24.14
3 4 76.05
3 5 29.70
3 6 39.60
3 7 15.83
3 8 68.33
3 9 14.05
3 10 78.40
3 11 9.10
4 5 34.90
4 6 71.10
4 7 64.62
4 8 80.34
4 9 33.78
4 10 80.05
4 11 31.87
5 6 11.19
5 7 90.43
5 8 15.49
5 9 34.12
5 10 82.04
5 11 48.31
6 7 70.64
6 8 83.64
6 9 59.94
6 10 84.85
6 11 36.67
7 8 14.67
7 9 22.76
7 10 78.11
7 11 28.89
8 9 50.42
8 10 62.68
8 11 53.59
9 10 85.03
9 11 73.51
10 11 21.93
#
1 2 7.60
1 3 60.43
1 4 34.55
1 5 37.50
1 6 31.53
1 7 94.17
1 8 26.37
1 9 68.84
1 10 74.22
1 11 53.24
2 3 75.03
2 4 73.17
2 5 72.25
2 6 17.67
2 7 63.74
2 8 29.08
2 9 83.31
2 10 47.38
2 11 84.02
3 4 76.68
3 5 87.57
3 6 7.21
3 7 7.97
3 8 74.20
3 9 31.10
3 10 53.39
3 11 36.89
4 5 88.22
4 6 38.42
4 7 18.92
4 8 18.67
4 9 49.54
4 10 74.36
4 11 48.22
5 6 82.05
5 7 5.89
5 8 50.91
5 9 16.94
5 10 78.25
5 11 33.65
6 7 65.18
6 8 61.81
6 9 6.83
6 10 37.43
6 11 74.48
7 8 74.09
7 9 61.51
7 10 66.32
7 11 29.99
8 9 54.05
8 10 43.00
8 11 17.57
9 10 64.78
9 11 54.49
10 11 86.77
#
1 2 99.41
1 3 7.89
1 4 32.18
1 5 87.63
1 6 49.83
1 7 46.11
1 8 14.82
1 9 7.90
1 10 20.47
1 11 58.04
2 3 93.47
2 4 29.88
2 5 8.95
2 6 10.41
2 7 8.14
2 8 46.12
2 9 70.59
2 10 73.47
2 11 47.95
3 4 16.54
3 5 47.95
3 6 30.56
3 7 81.57
3 8 22.79
3 9 55.56
3 10 35.62
3 11 69.32
4 5 68.13
4 6 8.92
4 7 23.81
4 8 63.42
4 9 8.33
4 10 35.22
4 11 90.61
5 6 99.48
5 7 88.58
5 8 36.72
5 9 14.30
5 10 91.48
5 11 60.71
6 7 75.86
6 8 84.95
6 9 85.59
6 10 88.33
6 11 90.36
7 8 97.25
7 9 34.46
7 10 69.47
7 11 70.72
8 9 85.93
8 10 81.01
8 11 27.20
9 10 16.50
9 11 62.58
10 11 44.99
#
1 2 67.06
1 3 6.72
1 4 14.31
1 5 43.71
1 6 10.64
1 7 41.65
1 8 7.13
1 9 22.50
1 10 71.87
1 11 92.74
2 3 21.98
2 4 68.97
2 5 37.98
2 6 39.81
2 7 60.45
2 8 93.69
2 9 15.67
2 10 53.92
2 11 87.81
3 4 99.01
3 5 44.28
3 6 85.06
3 7 41.99
3 8 22.27
3 9 64.31
3 10 27.92
3 11 11.80
4 5 95.03
4 6 47.94
4 7 77.90
4 8 48.54
4 9 15.00
4 10 79.62
4 11 66.38
5 6 53.71
5 7 93.79
5 8 8.03
5 9 64.37
5 10 16.29
5 11 83.42
6 7 65.63
6 8 33.27
6 9 52.40
6 10 98.62
6 11 68.08
7 8 12.85
7 9 5.83
7 10 87.28
7 11 61.78
8 9 88.64
8 10 94.81
8 11 14.58
9 10 82.23
9 11 36.80
10 11 31.86
#
1 2 55.06
1 3 68.24
1 4 47.18
1 5 50.09
1 6 16.19
1 7 25.09
1 8 93.63
1 9 26.19
1 10 13.23
1 11 60.01
2 3 83.43
2 4 7.02
2 5 71.56
2 6 56.32
2 7 26.83
2 8 54.99
2 9 21.95
2 10 55.11
2 11 7.39
3 4 29.09
3 5 31.71
3 6 23.76
3 7 29.93
3 8 27.51
3 9 89.06
3 10 18.57
3 11 22.32
4 5 98.65
4 6 95.80
4 7 54.12
4 8 39.03
4 9 50.86
4 10 30.89
4 11 81.21
5 6 9.47
5 7 42.08
5 8 6.30
5 9 11.63
5 10 63.27
5 11 14.54
6 7 75.16
6 8 55.22
6 9 25.08
6 10 46.73
6 11 20.06
7 8 46.92
7 9 96.72
7 10 37.02
7 11 10.55
8 9 12.63
8 10 69.63
8 11 45.78
9 10 31.39
9 11 94.56
10 11 68.30
#
1 2 28.98
1 3 21.66
1 4 94.14
1 5 27.63
1 6 17.46
1 7 56.79
1 8 70.18
1 9 71.85
1 10 82.68
1 11 51.39
2 3 84.84
2 4 24.76
2 5 61.22
2 6 91.47
2 7 91.55
2 8 79.28
2 9 66.64
2 10 55.30
2 11 99.36
3 4 13.37
3 5 70.36
3 6 54.80
3 7 18.61
3 8 7.38
3 9 60.35
3 10 34.76
3 11 80.54
4 5 14.66
4 6 69.67
4 7 75.10
4 8 86.48
4 9 93.65
4 10 91.76
4 11 80.62
5 6 29.80
5 7 17.75
5 8 37.41
5 9 94.98
5 10 93.12
5 11 20.09
6 7 46.38
6 8 77.96
6 9 39.85
6 10 16.12
6 11 77.96
7 8 39.93
7 9 90.40
7 10 44.60
7 11 90.23
8 9 98.28
8 10 61.49
8 11 60.59
9 10 53.09
9 11 83.62
10 11 71.50
#
1 2 21.96
1 3 26.90
1 4 52.04
1 5 40.14
1 6 91.57
1 7 27.14
1 8 26.62
1 9 93.75
1 10 27.43
1 11 7.25
2 3 23.55
2 4 40.18
2 5 39.66
2 6 18.54
2 7 33.30
2 8 63.28
2 9 68.44
2 10 19.78
2 11 11.65
3 4 79.56
3 5 92.74
3 6 46.58
3 7 69.96
3 8 45.86
3 9 36.81
3 10 76.76
3 11 15.87
4 5 92.41
4 6 38.37
4 7 94.49
4 8 72.43
4 9 63.86
4 10 21.39
4 11 24.47
5 6 99.00
5 7 21.49
5 8 55.13
5 9 25.63
5 10 15.24
5 11 77.56
6 7 36.40
6 8 33.79
6 9 26.26
6 10 71.06
6 11 55.85
7 8 54.56
7 9 42.86
7 10 24.29
7 11 77.87
8 9 49.52
8 10 98.85
8 11 79.13
9 10 91.10
9 11 77.33
10 11 25.00
#
1 2 36.44
1 3 62.62
1 4 35.87
1 5 28.85
1 6 95.99
1 7 38.89
1 8 96.28
1 9 59.85
1 10 63.80
1 11 29.27
2 3 67.38
2 4 80.29
2 5 79.40
2 6 88.01
2 7 99.05
2 8 56.97
2 9 24.41
2 10 41.37
2 11 78.23
3 4 98.99
3 5 92.22
3 6 41.32
3 7 50.38
3 8 25.04
3 9 27.71
3 10 94.90
3 11 32.41
4 5 6.84
4 6 94.52
4 7 9.75
4 8 26.84
4 9 30.96
4 10 75.89
4 11 66.24
5 6 63.33
5 7 71.88
5 8 5.13
5 9 68.13
5 10 40.26
5 11 63.93
6 7 92.40
6 8 7.64
6 9 52.75
6 10 71.81
6 11 90.65
7 8 51.80
7 9 37.30
7 10 23.58
7 11 96.69
8 9 24.05
8 10 31.09
8 11 97.44
9 10 68.89
9 11 76.47
10 11 22.48
#
1 2 91.60
1 3 79.89
1 4 49.89
1 5 93.45
1 6 74.42
1 7 63.16
1 8 28.81
1 9 13.90
1 10 39.05
1 11 90.05
2 3 72.24
2 4 19.46
2 5 98.70
2 6 48.89
2 7 54.72
2 8 71.16
2 9 41.30
2 10 57.36
2 11 23.91
3 4 21.63
3 5 56.53
3 6 79.23
3 7 53.93
3 8 83.63
3 9 84.45
3 10 81.50
3 11 14.72
4 5 81.89
4 6 50.40
4 7 94.72
4 8 99.37
4 9 42.00
4 10 74.61
4 11 57.78
5 6 43.97
5 7 57.55
5 8 29.47
5 9 67.79
5 10 66.46
5 11 72.04
6 7 66.36
6 8 47.22
6 9 86.50
6 10 65.07
6 11 91.11
7 8 49.74
7 9 36.23
7 10 40.93
7 11 7.10
8 9 63.66
8 10 57.56
8 11 67.15
9 10 51.41
9 11 20.01
10 11 50.78
#
1 2 35.86
1 3 96.52
1 4 60.51
1 5 26.27
1 6 55.44
1 7 55.23
1 8 34.16
1 9 5.96
1 10 38.36
1 11 86.95
2 3 44.94
2 4 90.92
2 5 24.94
2 6 21.25
2 7 65.90
2 8 91.98
2 9 82.61
2 10 21.64
2 11 87.01
3 4 56.20
3 5 21.27
3 6 36.75
3 7 95.95
3 8 57.21
3 9 47.38
3 10 68.13
3 11 14.77
4 5 14.53
4 6 19.55
4 7 29.79
4 8 60.32
4 9 58.93
4 10 34.83
4 11 20.83
5 6 80.21
5 7 85.27
5 8 79.58
5 9 14.37
5 10 94.75
5 11 26.46
6 7 9.84
6 8 39.69
6 9 25.90
6 10 29.78
6 11 64.46
7 8 86.80
7 9 30.29
7 10 55.60
7 11 16.96
8 9 17.30
8 10 11.80
8 11 33.24
9 10 57.57
9 11 16.28
10 11 85.45
#
1 2 99.95
1 3 79.41
1 4 8.74
1 5 14.49
1 6 7.48
1 7 42.05
1 8 69.81
1 9 69.94
1 10 71.88
1 11 94.16
2 3 58.67
2 4 65.67
2 5 73.74
2 6 76.56
2 7 68.95
2 8 8.72
2 9 81.41
2 10 8.64
2 11 29.63
3 4 19.71
3 5 68.11
3 6 24.95
3 7 53.52
3 8 32.23
3 9 36.92
3 10 65.82
3 11 39.03
4 5 73.68
4 6 31.92
4 7 50.31
4 8 59.13
4 9 31.87
4 10 38.25
4 11 71.39
5 6 41.36
5 7 49.25
5 8 13.45
5 9 11.17
5 10 19.19
5 11 88.85
6 7 13.85
6 8 72.86
6 9 63.05
6 10 91.11
6 11 49.43
7 8 32.00
7 9 94.84
7 10 39.36
7 11 44.16
8 9 24.47
8 10 54.07
8 11 20.79
9 10 44.42
9 11 7.60
10 11 48.02
#
1 2 84.86
1 3 76.94
1 4 82.06
1 5 58.54
1 6 8.86
1 7 40.89
1 8 26.19
1 9 35.74
1 10 82.66
1 11 6.11
2 3 80.62
2 4 31.92
2 5 14.56
2 6 95.32
2 7 46.11
2 8 11.93
2 9 9.17
2 10 27.50
2 11 69.98
3 4 95.29
3 5 71.93
3 6 10.50
3 7 90.13
3 8 11.29
3 9 49.67
3 10 23.12
3 11 68.88
4 5 65.46
4 6 62.54
4 7 80.00
4 8 13.49
4 9 55.93
4 10 65.47
4 11 99.07
5 6 22.99
5 7 69.33
5 8 48.48
5 9 52.71
5 10 13.59
5 11 31.15
6 7 53.82
6 8 97.74
6 9 66.59
6 10 71.90
6 11 93.06
7 8 12.70
7 9 78.83
7 10 10.75
7 11 43.72
8 9 48.82
8 10 6.04
8 11 15.65
9 10 54.32
9 11 99.69
10 11 30.46
#
1 2 12.51
1 3 22.81
1 4 7.87
1 5 72.98
1 6 80.36
1 7 82.87
1 8 89.99
1 9 44.81
1 10 48.34
1 11 97.58
2 3 62.80
2 4 26.20
2 5 54.58
2 6 15.51
2 7 43.31
2 8 89.25
2 9 72.85
2 10 41.05
2 11 55.84
3 4 44.75
3 5 42.63
3 6 72.07
3 7 23.59
3 8 48.39
3 9 15.79
3 10 75.93
3 11 49.43
4 5 34.97
4 6 38.77
4 7 49.13
4 8 60.43
4 9 46.29
4 10 75.46
4 11 71.82
5 6 27.79
5 7 64.34
5 8 54.70
5 9 26.30
5 10 9.15
5 11 11.56
6 7 23.88
6 8 75.48
6 9 41.28
6 10 73.46
6 11 94.51
7 8 88.12
7 9 62.72
7 10 67.37
7 11 29.17
8 9 27.08
8 10 12.12
8 11 75.33
9 10 94.15
9 11 30.71
10 11 32.24
#
1 2 9.95
1 3 15.16
1 4 85.19
1 5 39.92
1 6 48.94
1 7 42.84
1 8 8.87
1 9 90.23
1 10 18.31
1 11 75.70
2 3 26.54
2 4 77.65
2 5 38.92
2 6 47.84
2 7 81.81
2 8 45.48
2 9 75.24
2 10 57.29
2 11 90.29
3 4 57.22
3 5 51.80
3 6 78.41
3 7 28.46
3 8 27.69
3 9 16.10
3 10 50.55
3 11 34.82
4 5 86.43
4 6 44.70
4 7 69.05
4 8 18.67
4 9 58.17
4 10 79.22
4 11 98.87
5 6 6.61
5 7 36.68
5 8 50.23
5 9 10.49
5 10 26.91
5 11 63.54
6 7 81.19
6 8 56.97
6 9 41.20
6 10 28.63
6 11 99.81
7 8 23.01
7 9 69.11
7 10 75.05
7 11 83.82
8 9 67.92
8 10 32.27
8 11 44.14
9 10 46.33
9 11 55.74
10 11 66.84
#
1 2 57.44
1 3 14.81
1 4 10.18
1 5 52.39
1 6 54.51
1 7 82.75
1 8 74.59
1 9 21.21
1 10 70.49
1 11 81.98
2 3 22.82
2 4 7.17
2 5 32.21
2 6 28.31
2 7 37.60
2 8 90.76
2 9 18.02
2 10 89.57
2 11 31.96
3 4 41.65
3 5 89.38
3 6 58.49
3 7 19.29
3 8 72.95
3 9 50.83
3 10 82.21
3 11 13.75
4 5 98.49
4 6 37.07
4 7 73.01
4 8 73.85
4 9 98.03
4 10 82.82
4 11 79.03
5 6 50.42
5 7 45.85
5 8 70.31
5 9 33.53
5 10 62.06
5 11 40.80
6 7 24.03
6 8 79.89
6 9 42.98
6 10 51.25
6 11 16.72
7 8 75.58
7 9 50.53
7 10 29.75
7 11 73.68
8 9 86.01
8 10 74.92
8 11 63.06
9 10 53.02
9 11 89.21
10 11 44.54
#
1 2 98.85
1 3 79.95
1 4 53.29
1 5 97.34
1 6 25.54
1 7 26.30
1 8 71.20
1 9 23.57
1 10 9.12
1 11 58.75
2 3 77.51
2 4 58.49
2 5 29.06
2 6 11.05
2 7 20.56
2 8 73.39
2 9 38.60
2 10 95.45
2 11 16.37
3 4 84.85
3 5 12.17
3 6 95.47
3 7 43.90
3 8 45.44
3 9 69.15
3 10 38.43
3 11 20.37
4 5 40.74
4 6 86.45
4 7 18.10
4 8 80.28
4 9 93.82
4 10 6.57
4 11 42.09
5 6 99.69
5 7 27.11
5 8 71.91
5 9 79.41
5 10 45.68
5 11 84.55
6 7 38.16
6 8 31.72
6 9 43.04
6 10 70.75
6 11 46.29
7 8 58.60
7 9 44.14
7 10 79.89
7 11 54.05
8 9 64.03
8 10 73.27
8 11 69.75
9 10 59.50
9 11 17.17
10 11 23.71
#
1 2 28.66
1 3 50.61
1 4 39.08
1 5 64.40
1 6 45.58
1 7 60.71
1 8 53.20
1 9 39.41
1 10 62.28
1 11 90.29
2 3 39.10
2 4 92.92
2 5 62.20
2 6 18.51
2 7 47.12
2 8 46.75
2 9 60.19
2 10 73.84
2 11 93.31
3 4 30.94
3 5 20.13
3 6 51.92
3 7 78.60
3 8 95.03
3 9 14.49
3 10 42.63
3 11 76.82
4 5 79.24
4 6 97.14
4 7 97.51
4 8 97.96
4 9 34.32
4 10 48.12
4 11 45.56
5 6 7.24
5 7 97.23
5 8 6.27
5 9 55.44
5 10 36.64
5 11 72.08
6 7 54.25
6 8 70.74
6 9 65.00
6 10 24.97
6 11 92.77
7 8 12.12
7 9 75.24
7 10 52.96
7 11 89.49
8 9 68.55
8 10 78.91
8 11 9.62
9 10 20.47
9 11 57.51
10 11 13.17
#
1 2 29.97
1 3 8.67
1 4 84.99
1 5 17.73
1 6 5.81
1 7 82.51
1 8 24.21
1 9 35.13
1 10 39.15
1 11 73.30
2 3 37.37
2 4 36.38
2 5 83.09
2 6 96.33
2 7 76.54
2 8 55.17
2 9 50.58
2 10 47.28
2 11 28.69
3 4 70.55
3 5 48.57
3 6 44.34
3 7 54.31
3 8 96.54
3 9 33.83
3 10 22.86
3 11 75.45
4 5 38.45
4 6 38.34
4 7 41.48
4 8 55.15
4 9 71.83
4 10 45.15
4 11 40.14
5 6 93.08
5 7 54.48
5 8 31.17
5 9 25.82
5 10 93.13
5 11 73.85
6 7 94.12
6 8 39.02
6 9 18.75
6 10 77.21
6 11 35.35
7 8 90.30
7 9 40.91
7 10 89.45
7 11 46.10
8 9 73.12
8 10 68.52
8 11 89.68
9 10 17.46
9 11 22.83
10 11 86.22
#
1 2 46.29
1 3 49.22
1 4 70.19
1 5 88.27
1 6 91.08
1 7 11.67
1 8 51.94
1 9 62.91
1 10 60.35
1 11 87.08
2 3 64.51
2 4 14.83
2 5 26.78
2 6 85.33
2 7 16.49
2 8 95.63
2 9 87.97
2 10 50.51
2 11 14.38
3 4 73.71
3 5 89.39
3 6 13.20
3 7 23.14
3 8 87.36
3 9 54.31
3 10 91.26
3 11 55.89
4 5 43.99
4 6 17.25
4 7 82.24
4 8 30.21
4 9 67.06
4 10 31.46
4 11 95.40
5 6 63.85
5 7 22.54
5 8 15.59
5 9 15.79
5 10 88.97
5 11 79.46
6 7 11.40
6 8 62.01
6 9 97.82
6 10 33.18
6 11 55.86
7 8 14.31
7 9 37.33
7 10 43.84
7 11 68.34
8 9 55.23
8 10 17.55
8 11 66.25
9 10 63.44
9 11 35.69
10 11 53.62
#
1 2 17.75
1 3 35.47
1 4 18.03
1 5 65.26
1 6 47.72
1 7 95.27
1 8 98.99
1 9 14.79
1 10 35.26
1 11 94.39
2 3 82.16
2 4 61.32
2 5 18.50
2 6 92.96
2 7 58.82
2 8 92.97
2 9 99.36
2 10 29.35
2 11 90.79
3 4 32.54
3 5 80.21
3 6 13.62
3 7 73.39
3 8 24.05
3 9 76.96
3 10 28.62
3 11 45.12
4 5 43.22
4 6 87.06
4 7 84.33
4 8 91.84
4 9 13.33
4 10 19.81
4 11 18.39
5 6 73.59
5 7 71.05
5 8 13.66
5 9 72.58
5 10 89.36
5 11 52.44
6 7 75.49
6 8 71.53
6 9 22.29
6 10 97.52
6 11 64.49
7 8 84.63
7 9 90.49
7 10 72.37
7 11 13.98
8 9 89.80
8 10 13.43
8 11 89.19
9 10 98.42
9 11 81.82
10 11 21.77
#
1 2 75.38
1 3 18.96
1 4 61.89
1 5 27.12
1 6 6.03
1 7 46.23
1 8 27.48
1 9 22.88
1 10 69.56
1 11 40.87
2 3 91.48
2 4 49.13
2 5 58.06
2 6 72.58
2 7 38.50
2 8 19.02
2 9 48.08
2 10 18.55
2 11 36.31
3 4 45.60
3 5 86.56
3 6 20.94
3 7 44.61
3 8 58.93
3 9 38.44
3 10 34.41
3 11 67.36
4 5 27.64
4 6 41.35
4 7 49.18
4 8 44.41
4 9 25.25
4 10 63.14
4 11 14.82
5 6 47.38
5 7 72.69
5 8 56.05
5 9 69.86
5 10 90.58
5 11 34.13
6 7 19.26
6 8 90.58
6 9 78.27
6 10 72.32
6 11 71.68
7 8 25.29
7 9 86.34
7 10 19.76
7 11 47.36
8 9 22.66
8 10 68.88
8 11 33.92
9 10 47.12
9 11 13.49
10 11 87.85
#
1 2 80.57
1 3 51.42
1 4 63.73
1 5 16.73
1 6 96.29
1 7 21.43
1 8 56.14
1 9 21.55
1 10 88.09
1 11 65.96
2 3 72.45
2 4 60.79
2 5 30.54
2 6 50.83
2 7 59.89
2 8 68.19
2 9 65.09
2 10 58.99
2 11 54.98
3 4 37.41
3 5 30.67
3 6 75.27
3 7 23.76
3 8 53.96
3 9 31.15
3 10 49.94
3 11 22.84
4 5 60.07
4 6 5.58
4 7 39.86
4 8 56.44
4 9 89.67
4 10 94.80
4 11 28.69
5 6 6.40
5 7 91.10
5 8 45.12
5 9 66.06
5 10 21.17
5 11 33.22
6 7 40.55
6 8 88.62
6 9 97.53
6 10 66.09
6 11 39.45
7 8 65.94
7 9 34.28
7 10 13.07
7 11 33.45
8 9 84.27
8 10 45.48
8 11 67.64
9 10 68.06
9 11 72.76
10 11 21.60
#
1 2 7.74
1 3 31.22
1 4 47.97
1 5 62.81
1 6 40.33
1 7 91.35
1 8 27.78
1 9 30.00
1 10 94.67
1 11 59.99
2 3 31.41
2 4 94.29
2 5 5.12
2 6 5.99
2 7 15.46
2 8 41.86
2 9 41.54
2 10 12.60
2 11 47.91
3 4 16.15
3 5 55.58
3 6 13.85
3 7 45.44
3 8 63.65
3 9 50.82
3 10 38.23
3 11 17.65
4 5 18.46
4 6 14.81
4 7 93.94
4 8 43.59
4 9 17.55
4 10 25.16
4 11 86.56
5 6 83.89
5 7 60.49
5 8 86.43
5 9 20.19
5 10 94.02
5 11 81.10
6 7 75.18
6 8 33.95
6 9 83.92
6 10 83.82
6 11 34.94
7 8 94.38
7 9 25.68
7 10 71.49
7 11 15.51
8 9 68.59
8 10 82.64
8 11 66.09
9 10 85.96
9 11 36.60
10 11 38.26
#
1 2 45.30
1 3 78.35
1 4 50.91
1 5 67.29
1 6 96.69
1 7 44.85
1 8 10.88
1 9 22.76
1 10 73.54
1 11 5.96
2 3 15.17
2 4 42.55
2 5 87.39
2 6 30.36
2 7 36.57
2 8 77.01
2 9 14.07
2 10 65.52
2 11 60.93
3 4 92.89
3 5 95.47
3 6 63.84
3 7 27.10
3 8 75.48
3 9 82.87
3 10 99.21
3 11 66.64
4 5 57.48
4 6 93.70
4 7 11.77
4 8 90.74
4 9 39.00
4 10 93.64
4 11 50.17
5 6 14.81
5 7 98.85
5 8 98.55
5 9 20.69
5 10 21.62
5 11 80.61
6 7 21.65
6 8 31.79
6 9 23.16
6 10 17.56
6 11 65.68
7 8 54.74
7 9 98.10
7 10 83.27
7 11 28.78
8 9 59.03
8 10 84.68
8 11 32.77
9 10 31.39
9 11 11.78
10 11 8.25
#
1 2 14.26
1 3 19.52
1 4 78.42
1 5 66.74
1 6 13.22
1 7 93.71
1 8 66.00
1 9 55.74
1 10 87.35
1 11 16.18
2 3 65.56
2 4 86.21
2 5 23.25
2 6 89.77
2 7 16.35
2 8 98.86
2 9 19.95
2 10 51.66
2 11 22.02
3 4 32.51
3 5 17.34
3 6 80.28
3 7 30.61
3 8 9.13
3 9 9.07
3 10 93.17
3 11 88.82
4 5 36.84
4 6 33.08
4 7 9.12
4 8 48.62
4 9 42.35
4 10 23.64
4 11 27.04
5 6 17.61
5 7 40.38
5 8 29.27
5 9 78.62
5 10 99.65
5 11 16.62
6 7 98.32
6 8 73.73
6 9 11.35
6 10 30.09
6 11 63.50
7 8 22.70
7 9 28.95
7 10 78.45
7 11 69.37
8 9 54.49
8 10 19.49
8 11 90.23
9 10 34.78
9 11 53.62
10 11 94.37
#
1 2 38.85
1 3 55.31
1 4 91.71
1 5 79.21
1 6 83.40
1 7 95.83
1 8 27.83
1 9 34.27
1 10 28.00
1 11 58.39
2 3 55.40
2 4 71.90
2 5 82.66
2 6 34.02
2 7 71.55
2 8 7.81
2 9 40.86
2 10 45.28
2 11 14.16
3 4 65.95
3 5 17.31
3 6 31.87
3 7 98.42
3 8 99.28
3 9 9.76
3 10 52.92
3 11 27.29
4 5 8.51
4 6 82.70
4 7 75.92
4 8 97.88
4 9 30.07
4 10 31.23
4 11 98.11
5 6 9.28
5 7 23.15
5 8 93.95
5 9 40.64
5 10 60.94
5 11 30.47
6 7 94.03
6 8 16.35
6 9 97.37
6 10 85.22
6 11 53.89
7 8 68.93
7 9 88.03
7 10 98.28
7 11 22.73
8 9 97.19
8 10 64.23
8 11 43.56
9 10 37.58
9 11 71.18
10 11 51.37
#
1 2 50.86
1 3 24.10
1 4 73.66
1 5 54.38
1 6 15.32
1 7 49.58
1 8 60.78
1 9 48.91
1 10 84.34
1 11 58.90
2 3 61.71
2 4 16.01
2 5 61.37
2 6 97.35
2 7 71.96
2 8 86.84
2 9 99.91
2 10 91.83
2 11 92.73
3 4 85.13
3 5 45.72
3 6 70.18
3 7 81.68
3 8 44.00
3 9 96.44
3 10 87.39
3 11 16.76
4 5 40.00
4 6 33.50
4 7 82.94
4 8 86.37
4 9 79.36
4 10 15.56
4 11 60.04
5 6 42.26
5 7 34.40
5 8 18.14
5 9 98.05
5 10 78.31
5 11 11.00
6 7 56.95
6 8 40.02
6 9 22.02
6 10 26.84
6 11 45.90
7 8 97.50
7 9 22.20
7 10 45.81
7 11 89.33
8 9 14.93
8 10 39.46
8 11 43.57
9 10 80.12
9 11 29.66
10 11 82.58
#
1 2 76.56
1 3 17.05
1 4 7.86
1 5 25.08
1 6 45.55
1 7 85.80
1 8 11.46
1 9 33.44
1 10 9.88
1 11 75.02
2 3 70.70
2 4 39.28
2 5 96.68
2 6 68.75
2 7 17.59
2 8 7.69
2 9 34.22
2 10 61.13
2 11 33.23
3 4 56.06
3 5 7.03
3 6 39.25
3 7 73.26
3 8 56.36
3 9 28.58
3 10 91.72
3 11 99.34
4 5 67.15
4 6 71.84
4 7 29.00
4 8 58.25
4 9 56.92
4 10 41.06
4 11 61.11
5 6 77.00
5 7 90.13
5 8 55.43
5 9 91.98
5 10 23.57
5 11 60.31
6 7 67.00
6 8 97.80
6 9 94.59
6 10 72.21
6 11 66.55
7 8 20.70
7 9 74.90
7 10 9.30
7 11 76.84
8 9 16.65
8 10 68.88
8 11 87.39
9 10 50.90
9 11 50.67
10 11 43.76
#
1 2 83.00
1 3 42.39
1 4 43.10
1 5 50.15
1 6 14.23
1 7 67.11
1 8 16.93
1 9 66.15
1 10 16.69
1 11 73.04
2 3 43.15
2 4 6.82
2 5 28.48
2 6 43.66
2 7 33.92
2 8 92.31
2 9 10.66
2 10 31.72
2 11 95.43
3 4 77.87
3 5 6.79
3 6 16.13
3 7 61.29
3 8 11.09
3 9 96.49
3 10 72.94
3 11 83.50
4 5 92.41
4 6 32.36
4 7 34.17
4 8 44.69
4 9 15.36
4 10 71.56
4 11 82.79
5 6 69.04
5 7 89.31
5 8 58.42
5 9 80.97
5 10 63.98
5 11 78.63
6 7 54.01
6 8 15.65
6 9 88.98
6 10 86.01
6 11 54.31
7 8 22.90
7 9 78.33
7 10 59.98
7 11 58.14
8 9 82.28
8 10 46.37
8 11 59.93
9 10 93.41
9 11 16.19
10 11 74.55
#
1 2 98.43
1 3 92.65
1 4 58.05
1 5 90.84
1 6 25.02
1 7 95.74
1 8 35.53
1 9 43.90
1 10 67.30
1 11 26.84
2 3 12.94
2 4 65.13
2 5 88.79
2 6 88.91
2 7 29.11
2 8 75.94
2 9 51.45
2 10 39.76
2 11 64.92
3 4 45.98
3 5 89.08
3 6 91.34
3 7 32.83
3 8 57.58
3 9 49.48
3 10 15.11
3 11 12.47
4 5 17.94
4 6 17.05
4 7 32.18
4 8 96.01
4 9 15.48
4 10 24.84
4 11 62.58
5 6 14.84
5 7 53.38
5 8 58.32
5 9 53.89
5 10 92.28
5 11 34.14
6 7 84.25
6 8 13.75
6 9 94.27
6 10 73.04
6 11 11.18
7 8 23.38
7 9 57.51
7 10 57.63
7 11 66.66
8 9 22.43
8 10 12.14
8 11 55.74
9 10 22.30
9 11 39.97
10 11 21.84
#
1 2 66.78
1 3 50.09
1 4 37.84
1 5 88.24
1 6 62.14
1 7 65.02
1 8 84.25
1 9 81.14
1 10 84.86
1 11 55.35
2 3 99.50
2 4 46.76
2 5 13.67
2 6 53.39
2 7 47.57
2 8 42.81
2 9 37.64
2 10 56.32
2 11 45.60
3 4 19.21
3 5 62.50
3 6 63.98
3 7 71.72
3 8 20.14
3 9 30.65
3 10 97.67
3 11 27.28
4 5 89.91
4 6 19.97
4 7 70.77
4 8 20.28
4 9 90.28
4 10 20.86
4 11 53.12
5 6 87.04
5 7 86.52
5 8 18.14
5 9 79.82
5 10 76.18
5 11 11.53
6 7 35.17
6 8 75.68
6 9 61.81
6 10 43.85
6 11 37.59
7 8 9.38
7 9 90.18
7 10 78.76
7 11 60.70
8 9 35.79
8 10 92.97
8 11 23.21
9 10 8.29
9 11 73.21
10 11 46.87
#
1 2 42.46
1 3 79.40
1 4 77.67
1 5 40.90
1 6 94.38
1 7 56.96
1 8 56.18
1 9 93.18
1 10 72.83
1 11 17.82
2 3 80.22
2 4 67.87
2 5 39.48
2 6 60.04
2 7 52.58
2 8 46.01
2 9 90.22
2 10 28.26
2 11 7.83
3 4 42.59
3 5 60.86
3 6 20.73
3 7 32.77
3 8 39.62
3 9 76.44
3 10 72.08
3 11 41.11
4 5 8.17
4 6 75.38
4 7 22.84
4 8 58.56
4 9 17.84
4 10 97.24
4 11 36.23
5 6 53.74
5 7 5.14
5 8 88.19
5 9 18.44
5 10 93.32
5 11 69.54
6 7 31.26
6 8 73.55
6 9 45.94
6 10 65.75
6 11 42.11
7 8 93.52
7 9 20.28
7 10 32.33
7 11 30.30
8 9 31.63
8 10 69.92
8 11 94.68
9 10 47.37
9 11 11.22
10 11 42.82
#
1 2 32.33
1 3 78.30
1 4 78.93
1 5 35.50
1 6 62.20
1 7 96.77
1 8 97.58
1 9 83.57
1 10 7.54
1 11 42.33
2 3 45.83
2 4 7.68
2 5 39.04
2 6 59.28
2 7 96.01
2 8 17.11
2 9 94.06
2 10 78.08
2 11 58.05
3 4 68.33
3 5 20.19
3 6 60.09
3 7 92.14
3 8 56.05
3 9 85.39
3 10 23.77
3 11 34.49
4 5 88.60
4 6 74.66
4 7 40.71
4 8 31.42
4 9 15.51
4 10 27.54
4 11 10.36
5 6 54.53
5 7 93.26
5 8 15.65
5 9 52.11
5 10 76.83
5 11 26.71
6 7 89.44
6 8 22.67
6 9 29.40
6 10 28.49
6 11 85.47
7 8 33.93
7 9 40.60
7 10 79.53
7 11 12.01
8 9 7.17
8 10 56.39
8 11 35.72
9 10 62.26
9 11 48.53
10 11 86.77
#
1 2 56.17
1 3 75.82
1 4 29.79
1 5 44.77
1 6 59.01
1 7 74.02
1 8 79.72
1 9 69.52
1 10 96.56
1 11 93.60
2 3 32.58
2 4 98.35
2 5 9.25
2 6 79.69
2 7 83.70
2 8 30.97
2 9 77.66
2 10 6.37
2 11 63.89
3 4 14.67
3 5 95.36
3 6 92.82
3 7 58.79
3 8 83.42
3 9 13.35
3 10 60.96
3 11 39.81
4 5 44.07
4 6 31.74
4 7 91.86
4 8 39.37
4 9 91.43
4 10 67.68
4 11 64.16
5 6 44.73
5 7 35.21
5 8 38.18
5 9 24.45
5 10 99.74
5 11 43.27
6 7 18.05
6 8 40.84
6 9 50.14
6 10 30.82
6 11 29.05
7 8 33.84
7 9 65.31
7 10 6.71
7 11 43.74
8 9 37.72
8 10 24.90
8 11 39.10
9 10 30.54
9 11 78.69
10 11 22.52
#
