1 2 89.88
1 3 51.89
1 4 14.25
1 5 11.84
1 6 69.32
1 7 57.48
1 8 62.59
2 3 95.05
2 4 7.48
2 5 32.55
2 6 27.23
2 7 23.69
2 8 11.72
3 4 42.05
3 5 94.22
3 6 54.03
3 7 63.65
3 8 66.53
4 5 58.13
4 6 27.61
4 7 62.41
4 8 81.44
5 6 24.97
5 7 87.29
5 8 58.79
6 7 50.80
6 8 14.79
7 8 84.55
#
1 2 87.11
1 3 52.84
1 4 29.79
1 5 76.99
1 6 13.26
1 7 47.57
1 8 83.83
2 3 77.58
2 4 5.05
2 5 46.42
2 6 81.15
2 7 16.05
2 8 82.49
3 4 16.90
3 5 34.74
3 6 89.21
3 7 53.95
3 8 37.48
4 5 51.76
4 6 26.12
4 7 99.01
4 8 9.89
5 6 57.25
5 7 69.94
5 8 94.85
6 7 77.22
6 8 65.75
7 8 53.64
#
1 2 28.03
1 3 75.55
1 4 46.71
1 5 15.14
1 6 36.91
1 7 71.51
1 8 87.13
2 3 45.17
2 4 27.60
2 5 70.96
2 6 31.28
2 7 27.65
2 8 25.90
3 4 12.43
3 5 38.70
3 6 8.39
3 7 24.34
3 8 76.96
4 5 6.12
4 6 81.81
4 7 14.44
4 8 52.89
5 6 7.94
5 7 21.98
5 8 66.30
6 7 60.19
6 8 86.92
7 8 61.16
#
1 2 45.94
1 3 61.20
1 4 23.32
1 5 68.97
1 6 45.27
1 7 65.04
1 8 87.63
2 3 77.18
2 4 45.07
2 5 74.76
2 6 30.88
2 7 67.67
2 8 54.24
3 4 57.16
3 5 90.32
3 6 75.14
3 7 73.11
3 8 37.54
4 5 87.05
4 6 5.97
4 7 23.02
4 8 96.69
5 6 91.31
5 7 32.46
5 8 58.10
6 7 7.77
6 8 49.44
7 8 24.41
#
1 2 71.48
1 3 44.89
1 4 89.09
1 5 17.42
1 6 6.09
1 7 12.41
1 8 89.91
2 3 46.36
2 4 72.45
2 5 77.54
2 6 32.06
2 7 17.52
2 8 52.30
3 4 57.94
3 5 88.71
3 6 15.06
3 7 23.62
3 8 87.55
4 5 93.72
4 6 91.74
4 7 25.09
4 8 80.77
5 6 6.23
5 7 43.11
5 8 85.99
6 7 92.54
6 8 79.10
7 8 44.09
#
1 2 95.31
1 3 28.54
1 4 72.02
1 5 75.32
1 6 68.43
1 7 69.63
1 8 87.74
2 3 78.04
2 4 77.05
2 5 77.66
2 6 24.40
2 7 58.02
2 8 55.20
3 4 51.47
3 5 70.55
3 6 16.03
3 7 17.93
3 8 67.78
4 5 26.09
4 6 45.08
4 7 55.34
4 8 19.82
5 6 45.34
5 7 83.95
5 8 9.11
6 7 46.57
6 8 35.59
7 8 90.10
#
1 2 47.64
1 3 14.69
1 4 42.72
1 5 51.47
1 6 38.23
1 7 23.26
1 8 26.79
2 3 15.19
2 4 87.90
2 5 14.54
2 6 88.23
2 7 64.95
2 8 87.20
3 4 21.16
3 5 22.97
3 6 50.92
3 7 76.15
3 8 97.04
4 5 61.95
4 6 97.60
4 7 64.83
4 8 91.57
5 6 42.68
5 7 20.17
5 8 11.39
6 7 83.02
6 8 12.64
7 8 15.50
#
1 2 38.12
1 3 43.23
1 4 14.13
1 5 80.76
1 6 52.92
1 7 51.85
1 8 32.23
2 3 94.68
2 4 78.63
2 5 54.03
2 6 9.87
2 7 66.53
2 8 63.57
3 4 6.62
3 5 31.48
3 6 59.29
3 7 22.78
3 8 57.98
4 5 18.73
4 6 7.45
4 7 55.02
4 8 84.21
5 6 5.06
5 7 28.37
5 8 75.78
6 7 42.74
6 8 52.06
7 8 90.69
#
1 2 25.77
1 3 59.71
1 4 14.71
1 5 58.89
1 6 97.94
1 7 23.84
1 8 48.17
2 3 59.39
2 4 79.21
2 5 75.40
2 6 54.07
2 7 57.85
2 8 29.43
3 4 67.46
3 5 24.38
3 6 96.52
3 7 69.08
3 8 59.39
4 5 64.33
4 6 95.39
4 7 17.37
4 8 78.07
5 6 97.84
5 7 75.91
5 8 70.80
6 7 97.90
6 8 12.81
7 8 46.58
#
1 2 40.65
1 3 59.87
1 4 37.27
1 5 69.94
1 6 28.10
1 7 55.50
1 8 37.35
2 3 26.05
2 4 82.87
2 5 80.52
2 6 88.96
2 7 62.08
2 8 55.92
3 4 43.03
3 5 28.45
3 6 88.88
3 7 10.49
3 8 56.36
4 5 93.92
4 6 83.09
4 7 24.27
4 8 58.26
5 6 78.48
5 7 45.16
5 8 44.85
6 7 76.33
6 8 21.07
7 8 24.17
#
1 2 82.75
1 3 37.40
1 4 65.75
1 5 23.40
1 6 92.28
1 7 11.54
1 8 96.86
2 3 20.38
2 4 70.56
2 5 34.21
2 6 49.95
2 7 53.43
2 8 14.73
3 4 38.91
3 5 24.04
3 6 74.18
3 7 85.46
3 8 47.49
4 5 63.06
4 6 90.95
4 7 12.37
4 8 65.50
5 6 74.05
5 7 31.64
5 8 32.28
6 7 61.05
6 8 71.80
7 8 80.65
#
1 2 45.90
1 3 96.40
1 4 99.82
1 5 28.66
1 6 33.80
1 7 74.09
1 8 55.58
2 3 34.60
2 4 89.15
2 5 52.45
2 6 58.51
2 7 59.72
2 8 81.66
3 4 16.98
3 5 13.15
3 6 99.92
3 7 59.42
3 8 32.19
4 5 74.10
4 6 44.88
4 7 83.21
4 8 45.68
5 6 35.84
5 7 90.58
5 8 11.18
6 7 18.41
6 8 30.75
7 8 46.99
#
1 2 82.98
1 3 11.07
1 4 27.64
1 5 28.89
1 6 15.99
1 7 27.47
1 8 52.55
2 3 44.80
2 4 10.08
2 5 16.65
2 6 82.92
2 7 94.24
2 8 64.10
3 4 49.95
3 5 53.96
3 6 54.29
3 7 61.94
3 8 70.63
4 5 62.73
4 6 21.36
4 7 97.83
4 8 45.35
5 6 61.24
5 7 89.56
5 8 86.03
6 7 5.60
6 8 88.66
7 8 5.73
#
1 2 27.53
1 3 19.41
1 4 47.72
1 5 10.52
1 6 25.49
1 7 78.89
1 8 34.41
2 3 36.48
2 4 14.88
2 5 90.48
2 6 84.80
2 7 19.96
2 8 7.13
3 4 76.25
3 5 14.20
3 6 74.76
3 7 26.20
3 8 63.16
4 5 29.05
4 6 91.66
4 7 42.32
4 8 86.78
5 6 13.02
5 7 48.67
5 8 32.13
6 7 77.79
6 8 38.23
7 8 26.68
#
1 2 78.39
1 3 26.89
1 4 35.93
1 5 14.45
1 6 49.83
1 7 87.18
1 8 19.97
2 3 70.32
2 4 66.07
2 5 57.90
2 6 15.32
2 7 75.95
2 8 48.38
3 4 8.65
3 5 99.43
3 6 50.51
3 7 88.42
3 8 13.64
4 5 25.27
4 6 14.62
4 7 80.32
4 8 57.84
5 6 6.29
5 7 22.64
5 8 53.14
6 7 22.83
6 8 66.31
7 8 88.79
#
1 2 95.62
1 3 99.54
1 4 23.99
1 5 82.54
1 6 34.96
1 7 54.93
1 8 91.99
2 3 79.79
2 4 50.63
2 5 11.96
2 6 50.11
2 7 25.22
2 8 64.86
3 4 68.95
3 5 9.69
3 6 21.76
3 7 81.12
3 8 9.12
4 5 75.79
4 6 69.54
4 7 17.76
4 8 9.59
5 6 87.69
5 7 93.09
5 8 62.43
6 7 88.98
6 8 15.73
7 8 15.58
#
1 2 20.33
1 3 85.57
1 4 12.89
1 5 15.96
1 6 85.11
1 7 31.89
1 8 7.02
2 3 20.07
2 4 81.82
2 5 94.01
2 6 94.86
2 7 32.45
2 8 14.49
3 4 53.49
3 5 61.19
3 6 82.87
3 7 30.97
3 8 65.88
4 5 99.63
4 6 12.09
4 7 70.00
4 8 75.42
5 6 76.64
5 7 82.77
5 8 80.01
6 7 72.85
6 8 84.38
7 8 50.97
#
1 2 61.83
1 3 95.11
1 4 70.07
1 5 85.68
1 6 89.20
1 7 77.96
1 8 10.16
2 3 74.32
2 4 9.85
2 5 12.18
2 6 97.91
2 7 95.19
2 8 14.71
3 4 6.30
3 5 36.16
3 6 24.20
3 7 63.31
3 8 92.35
4 5 15.59
4 6 89.28
4 7 58.23
4 8 15.22
5 6 9.90
5 7 28.24
5 8 94.17
6 7 90.06
6 8 19.53
7 8 82.70
#
1 2 62.91
1 3 98.91
1 4 33.67
1 5 33.26
1 6 7.54
1 7 98.74
1 8 18.94
2 3 91.75
2 4 76.71
2 5 24.11
2 6 66.07
2 7 90.08
2 8 39.81
3 4 72.50
3 5 85.28
3 6 49.53
3 7 73.80
3 8 21.44
4 5 77.25
4 6 45.64
4 7 22.32
4 8 87.85
5 6 34.92
5 7 75.55
5 8 11.59
6 7 48.34
6 8 12.31
7 8 5.76
#
1 2 38.40
1 3 26.84
1 4 83.47
1 5 96.31
1 6 25.75
1 7 17.14
1 8 29.57
2 3 28.30
2 4 24.41
2 5 52.04
2 6 28.57
2 7 9.64
2 8 71.15
3 4 98.16
3 5 8.24
3 6 19.48
3 7 70.66
3 8 88.52
4 5 64.01
4 6 52.99
4 7 18.49
4 8 41.27
5 6 93.63
5 7 35.81
5 8 37.64
6 7 37.07
6 8 19.88
7 8 44.23
#
1 2 80.42
1 3 27.20
1 4 45.00
1 5 18.82
1 6 49.04
1 7 36.99
1 8 23.66
2 3 69.80
2 4 57.65
2 5 56.75
2 6 6.62
2 7 77.06
2 8 8.79
3 4 30.19
3 5 90.22
3 6 83.46
3 7 28.35
3 8 93.47
4 5 97.95
4 6 7.53
4 7 90.51
4 8 70.48
5 6 55.52
5 7 9.00
5 8 20.27
6 7 57.67
6 8 48.33
7 8 52.91
#
1 2 98.27
1 3 63.22
1 4 92.15
1 5 78.69
1 6 85.42
1 7 45.67
1 8 6.03
2 3 34.46
2 4 77.66
2 5 24.69
2 6 12.78
2 7 35.31
2 8 76.45
3 4 22.92
3 5 20.90
3 6 88.76
3 7 56.63
3 8 19.64
4 5 72.23
4 6 79.98
4 7 13.11
4 8 78.70
5 6 91.04
5 7 98.63
5 8 49.18
6 7 55.08
6 8 16.15
7 8 64.46
#
1 2 21.28
1 3 59.49
1 4 25.89
1 5 19.55
1 6 22.71
1 7 18.04
1 8 93.24
2 3 8.13
2 4 67.23
2 5 94.27
2 6 46.11
2 7 53.41
2 8 27.49
3 4 53.90
3 5 92.25
3 6 12.46
3 7 80.34
3 8 21.67
4 5 9.74
4 6 36.98
4 7 36.31
4 8 76.97
5 6 25.48
5 7 44.43
5 8 64.19
6 7 16.52
6 8 51.58
7 8 13.38
#
1 2 75.13
1 3 62.73
1 4 81.36
1 5 91.41
1 6 22.22
1 7 7.25
1 8 10.96
2 3 48.45
2 4 20.30
2 5 99.20
2 6 51.58
2 7 91.05
2 8 6.99
3 4 6.22
3 5 44.47
3 6 38.00
3 7 63.64
3 8 45.24
4 5 53.98
4 6 43.98
4 7 61.91
4 8 58.73
5 6 75.96
5 7 93.22
5 8 44.22
6 7 96.45
6 8 46.17
7 8 8.42
#
1 2 21.49
1 3 92.75
1 4 16.80
1 5 91.62
1 6 55.49
1 7 93.16
1 8 83.03
2 3 81.23
2 4 95.41
2 5 97.51
2 6 29.69
2 7 24.23
2 8 96.71
3 4 84.79
3 5 23.81
3 6 12.23
3 7 86.01
3 8 63.28
4 5 45.23
4 6 49.65
4 7 8.52
4 8 7.74
5 6 88.64
5 7 73.95
5 8 61.47
6 7 73.12
6 8 67.17
7 8 5.69
#
1 2 78.09
1 3 13.35
1 4 9.11
1 5 8.11
1 6 6.10
1 7 29.43
1 8 94.73
2 3 65.11
2 4 22.59
2 5 86.29
2 6 46.35
2 7 26.53
2 8 83.80
3 4 79.56
3 5 54.28
3 6 89.04
3 7 64.35
3 8 73.09
4 5 9.79
4 6 58.89
4 7 44.89
4 8 58.54
5 6 8.54
5 7 56.93
5 8 61.28
6 7 5.70
6 8 30.88
7 8 22.75
#
1 2 82.35
1 3 93.06
1 4 23.45
1 5 60.44
1 6 14.93
1 7 36.08
1 8 72.07
2 3 16.03
2 4 60.52
2 5 66.81
2 6 84.67
2 7 86.63
2 8 61.62
3 4 39.54
3 5 21.68
3 6 53.94
3 7 19.10
3 8 70.97
4 5 51.50
4 6 86.97
4 7 44.06
4 8 56.29
5 6 45.86
5 7 83.96
5 8 23.36
6 7 49.41
6 8 40.89
7 8 79.64
#
1 2 58.63
1 3 66.78
1 4 10.92
1 5 40.98
1 6 68.36
1 7 37.89
1 8 9.95
2 3 78.29
2 4 68.97
2 5 77.02
2 6 97.84
2 7 38.01
2 8 52.35
3 4 82.51
3 5 24.65
3 6 22.49
3 7 30.57
3 8 41.33
4 5 79.96
4 6 44.67
4 7 12.30
4 8 31.46
5 6 40.17
5 7 59.89
5 8 91.28
6 7 81.03
6 8 43.85
7 8 14.64
#
1 2 38.96
1 3 88.26
1 4 89.28
1 5 92.60
1 6 63.56
1 7 95.20
1 8 42.10
2 3 31.92
2 4 33.09
2 5 55.57
2 6 10.21
2 7 10.59
2 8 32.60
3 4 8.06
3 5 43.60
3 6 88.47
3 7 94.09
3 8 71.77
4 5 19.49
4 6 24.67
4 7 13.11
4 8 94.45
5 6 72.86
5 7 28.93
5 8 25.91
6 7 13.03
6 8 92.34
7 8 17.19
#
1 2 89.07
1 3 44.71
1 4 35.35
1 5 36.55
1 6 32.98
1 7 24.64
1 8 29.15
2 3 91.54
2 4 28.36
2 5 74.78
2 6 31.99
2 7 64.98
2 8 30.35
3 4 45.72
3 5 70.57
3 6 66.47
3 7 48.78
3 8 14.17
4 5 63.47
4 6 51.40
4 7 80.95
4 8 77.96
5 6 71.07
5 7 97.58
5 8 72.41
6 7 52.45
6 8 35.03
7 8 6.84
#
1 2 60.49
1 3 27.38
1 4 27.56
1 5 58.08
1 6 67.09
1 7 57.91
1 8 89.63
2 3 8.59
2 4 86.07
2 5 18.79
2 6 8.66
2 7 14.44
2 8 97.09
3 4 35.65
3 5 74.42
3 6 35.96
3 7 76.37
3 8 53.51
4 5 10.96
4 6 33.68
4 7 62.68
4 8 69.43
5 6 88.60
5 7 52.15
5 8 55.91
6 7 59.67
6 8 49.73
7 8 36.84
#
1 2 20.64
1 3 88.29
1 4 47.20
1 5 76.13
1 6 24.19
1 7 69.76
1 8 34.21
2 3 94.80
2 4 36.20
2 5 23.85
2 6 98.40
2 7 22.27
2 8 46.16
3 4 15.58
3 5 40.23
3 6 51.77
3 7 54.75
3 8 23.17
4 5 82.73
4 6 39.64
4 7 71.68
4 8 88.69
5 6 68.32
5 7 42.89
5 8 66.64
6 7 65.44
6 8 90.04
7 8 31.07
#
1 2 33.63
1 3 48.30
1 4 62.91
1 5 49.28
1 6 36.59
1 7 18.64
1 8 25.41
2 3 64.30
2 4 83.40
2 5 63.15
2 6 59.10
2 7 19.60
2 8 82.00
3 4 66.02
3 5 45.40
3 6 36.68
3 7 76.60
3 8 89.15
4 5 83.45
4 6 31.35
4 7 12.33
4 8 66.18
5 6 66.00
5 7 87.53
5 8 63.40
6 7 42.84
6 8 30.42
7 8 38.56
#
1 2 8.29
1 3 20.47
1 4 73.16
1 5 36.92
1 6 72.29
1 7 44.59
1 8 81.20
2 3 17.40
2 4 58.23
2 5 15.14
2 6 76.70
2 7 41.64
2 8 73.29
3 4 35.80
3 5 64.76
3 6 55.29
3 7 96.83
3 8 18.68
4 5 95.49
4 6 81.95
4 7 7.84
4 8 78.94
5 6 13.31
5 7 23.69
5 8 53.64
6 7 82.83
6 8 11.22
7 8 17.04
#
1 2 34.19
1 3 36.65
1 4 59.13
1 5 37.48
1 6 60.64
1 7 32.29
1 8 77.93
2 3 32.93
2 4 80.40
2 5 59.13
2 6 45.33
2 7 38.64
2 8 77.79
3 4 22.03
3 5 83.80
3 6 51.08
3 7 61.35
3 8 57.08
4 5 14.89
4 6 66.70
4 7 70.77
4 8 10.38
5 6 48.66
5 7 82.13
5 8 84.32
6 7 56.97
6 8 5.82
7 8 46.49
#
1 2 48.32
1 3 12.04
1 4 67.05
1 5 77.51
1 6 52.21
1 7 26.18
1 8 23.52
2 3 12.85
2 4 61.99
2 5 96.45
2 6 40.78
2 7 42.40
2 8 64.10
3 4 89.63
3 5 84.56
3 6 41.90
3 7 20.18
3 8 68.36
4 5 87.98
4 6 76.54
4 7 25.44
4 8 11.40
5 6 43.24
5 7 99.73
5 8 16.78
6 7 86.90
6 8 81.86
7 8 9.63
#
1 2 52.39
1 3 82.68
1 4 51.12
1 5 9.23
1 6 98.25
1 7 26.69
1 8 81.75
2 3 50.46
2 4 47.88
2 5 5.27
2 6 58.32
2 7 18.39
2 8 10.24
3 4 7.62
3 5 64.31
3 6 69.34
3 7 92.26
3 8 48.87
4 5 11.24
4 6 12.44
4 7 25.75
4 8 7.75
5 6 92.50
5 7 46.20
5 8 14.15
6 7 44.27
6 8 45.93
7 8 34.45
#
1 2 39.69
1 3 36.32
1 4 47.60
1 5 95.61
1 6 19.00
1 7 7.24
1 8 99.84
2 3 25.77
2 4 28.94
2 5 90.11
2 6 71.24
2 7 80.34
2 8 90.38
3 4 38.08
3 5 7.25
3 6 95.62
3 7 40.70
3 8 66.57
4 5 73.49
4 6 41.48
4 7 15.44
4 8 79.73
5 6 57.45
5 7 44.72
5 8 91.00
6 7 49.95
6 8 85.92
7 8 13.67
#
1 2 97.74
1 3 40.37
1 4 51.65
1 5 37.44
1 6 71.69
1 7 94.25
1 8 33.05
2 3 94.22
2 4 10.02
2 5 41.41
2 6 19.99
2 7 42.48
2 8 31.53
3 4 94.75
3 5 22.82
3 6 30.43
3 7 32.83
3 8 25.07
4 5 34.58
4 6 77.06
4 7 95.16
4 8 8.07
5 6 27.06
5 7 19.13
5 8 91.32
6 7 79.51
6 8 58.85
7 8 82.33
#
1 2 37.99
1 3 44.77
1 4 91.00
1 5 35.73
1 6 88.66
1 7 51.17
1 8 76.69
2 3 68.88
2 4 45.43
2 5 18.26
2 6 71.62
2 7 58.97
2 8 54.68
3 4 95.13
3 5 96.45
3 6 81.21
3 7 89.89
3 8 27.79
4 5 20.16
4 6 31.24
4 7 47.86
4 8 49.74
5 6 16.82
5 7 43.03
5 8 52.81
6 7 38.89
6 8 65.68
7 8 52.66
#
1 2 26.92
1 3 24.53
1 4 34.99
1 5 59.91
1 6 72.82
1 7 34.51
1 8 99.17
2 3 61.48
2 4 80.69
2 5 75.86
2 6 38.88
2 7 34.64
2 8 89.13
3 4 10.50
3 5 88.61
3 6 52.33
3 7 14.16
3 8 93.58
4 5 33.54
4 6 12.57
4 7 21.37
4 8 48.70
5 6 47.33
5 7 72.75
5 8 6.97
6 7 59.16
6 8 24.30
7 8 63.30
#
1 2 93.05
1 3 84.98
1 4 15.96
1 5 28.49
1 6 9.51
1 7 54.47
1 8 83.41
2 3 77.33
2 4 92.51
2 5 91.10
2 6 47.34
2 7 73.20
2 8 75.48
3 4 81.22
3 5 16.36
3 6 73.13
3 7 95.25
3 8 13.49
4 5 25.46
4 6 9.41
4 7 7.07
4 8 62.52
5 6 25.50
5 7 23.44
5 8 19.75
6 7 67.83
6 8 99.71
7 8 21.72
#
1 2 26.99
1 3 24.02
1 4 80.02
1 5 28.56
1 6 9.00
1 7 99.51
1 8 52.06
2 3 13.52
2 4 53.98
2 5 43.99
2 6 94.37
2 7 46.49
2 8 35.09
3 4 41.71
3 5 28.21
3 6 10.57
3 7 31.46
3 8 39.57
4 5 78.71
4 6 26.71
4 7 48.06
4 8 99.17
5 6 39.64
5 7 58.65
5 8 70.22
6 7 68.66
6 8 85.61
7 8 84.97
#
1 2 36.49
1 3 85.33
1 4 6.69
1 5 58.49
1 6 9.35
1 7 90.23
1 8 90.57
2 3 13.35
2 4 89.74
2 5 42.63
2 6 21.87
2 7 43.73
2 8 90.14
3 4 24.77
3 5 85.22
3 6 25.23
3 7 61.48
3 8 13.44
4 5 39.33
4 6 87.94
4 7 56.53
4 8 18.04
5 6 23.17
5 7 13.12
5 8 25.73
6 7 66.33
6 8 66.77
7 8 90.95
#
1 2 34.99
1 3 52.39
1 4 75.92
1 5 66.49
1 6 37.72
1 7 86.13
1 8 33.50
2 3 42.07
2 4 76.37
2 5 32.59
2 6 58.94
2 7 66.11
2 8 78.75
3 4 84.34
3 5 9.84
3 6 68.89
3 7 9.11
3 8 98.59
4 5 97.65
4 6 65.59
4 7 20.55
4 8 36.98
5 6 62.06
5 7 72.08
5 8 58.54
6 7 88.75
6 8 88.72
7 8 79.27
#
1 2 55.09
1 3 55.50
1 4 78.75
1 5 93.60
1 6 7.89
1 7 63.19
1 8 68.61
2 3 49.13
2 4 49.33
2 5 10.63
2 6 86.20
2 7 25.70
2 8 38.23
3 4 45.14
3 5 95.33
3 6 16.98
3 7 29.48
3 8 13.70
4 5 89.39
4 6 42.11
4 7 12.29
4 8 87.04
5 6 7.71
5 7 36.36
5 8 24.02
6 7 73.29
6 8 16.96
7 8 86.08
#
1 2 62.04
1 3 5.69
1 4 65.36
1 5 17.13
1 6 56.19
1 7 52.63
1 8 10.74
2 3 67.60
2 4 24.34
2 5 82.87
2 6 16.73
2 7 68.67
2 8 88.51
3 4 11.45
3 5 97.89
3 6 35.26
3 7 60.11
3 8 6.75
4 5 47.24
4 6 93.12
4 7 15.45
4 8 45.15
5 6 35.23
5 7 22.74
5 8 32.20
6 7 46.46
6 8 62.62
7 8 59.74
#
1 2 19.75
1 3 74.58
1 4 45.83
1 5 76.80
1 6 75.27
1 7 19.71
1 8 97.45
2 3 39.98
2 4 75.86
2 5 16.71
2 6 7.58
2 7 95.20
2 8 94.59
3 4 27.83
3 5 72.40
3 6 83.10
3 7 42.80
3 8 70.29
4 5 18.36
4 6 11.44
4 7 72.04
4 8 69.12
5 6 99.56
5 7 82.49
5 8 22.79
6 7 43.31
6 8 13.75
7 8 49.99
#
1 2 84.78
1 3 79.89
1 4 18.26
1 5 99.53
1 6 54.48
1 7 67.61
1 8 84.85
2 3 38.27
2 4 82.32
2 5 82.31
2 6 73.26
2 7 66.70
2 8 94.02
3 4 84.36
3 5 61.90
3 6 88.61
3 7 12.20
3 8 34.30
4 5 80.23
4 6 58.52
4 7 13.12
4 8 7.11
5 6 64.96
5 7 88.68
5 8 79.75
6 7 64.52
6 8 79.70
7 8 97.55
#
1 2 16.36
1 3 88.45
1 4 56.06
1 5 96.14
1 6 76.87
1 7 69.32
1 8 9.19
2 3 31.35
2 4 36.93
2 5 89.05
2 6 64.62
2 7 27.77
2 8 79.88
3 4 37.88
3 5 89.47
3 6 73.90
3 7 30.77
3 8 51.38
4 5 71.04
4 6 46.49
4 7 89.20
4 8 59.79
5 6 5.01
5 7 97.32
5 8 61.91
6 7 64.98
6 8 86.01
7 8 41.66
#
1 2 38.02
1 3 65.71
1 4 47.73
1 5 49.38
1 6 62.68
1 7 98.80
1 8 54.04
2 3 39.55
2 4 68.12
2 5 66.76
2 6 74.42
2 7 13.58
2 8 64.33
3 4 39.05
3 5 36.35
3 6 44.21
3 7 80.45
3 8 25.83
4 5 26.63
4 6 19.74
4 7 80.73
4 8 92.67
5 6 61.23
5 7 69.93
5 8 52.47
6 7 61.25
6 8 75.78
7 8 22.90
#
1 2 34.75
1 3 70.31
1 4 68.08
1 5 76.29
1 6 36.02
1 7 15.82
1 8 25.68
2 3 7.22
2 4 14.62
2 5 83.24
2 6 50.30
2 7 86.26
2 8 50.00
3 4 24.72
3 5 94.84
3 6 22.85
3 7 67.29
3 8 31.20
4 5 62.06
4 6 56.27
4 7 60.55
4 8 83.70
5 6 71.01
5 7 41.28
5 8 84.89
6 7 32.25
6 8 19.73
7 8 45.88
#
1 2 97.02
1 3 90.51
1 4 72.30
1 5 31.77
1 6 60.82
1 7 40.39
1 8 8.06
2 3 5.36
2 4 59.73
2 5 37.26
2 6 16.11
2 7 69.35
2 8 29.03
3 4 69.93
3 5 55.61
3 6 82.55
3 7 89.65
3 8 50.46
4 5 5.41
4 6 65.47
4 7 85.18
4 8 62.47
5 6 21.74
5 7 45.73
5 8 54.69
6 7 96.27
6 8 90.53
7 8 39.59
#
1 2 28.52
1 3 10.26
1 4 88.99
1 5 34.06
1 6 9.30
1 7 61.30
1 8 60.83
2 3 73.64
2 4 10.21
2 5 72.42
2 6 82.53
2 7 64.94
2 8 18.20
3 4 93.64
3 5 42.81
3 6 42.23
3 7 72.09
3 8 93.42
4 5 24.79
4 6 70.26
4 7 52.40
4 8 25.20
5 6 35.73
5 7 46.10
5 8 91.19
6 7 60.99
6 8 86.83
7 8 45.89
#
1 2 57.27
1 3 77.36
1 4 89.00
1 5 89.31
1 6 91.15
1 7 86.51
1 8 23.38
2 3 95.45
2 4 47.81
2 5 87.73
2 6 69.09
2 7 61.54
2 8 60.15
3 4 51.62
3 5 26.48
3 6 73.36
3 7 53.78
3 8 64.29
4 5 15.59
4 6 25.87
4 7 66.24
4 8 43.90
5 6 91.14
5 7 27.16
5 8 64.10
6 7 35.39
6 8 68.27
7 8 55.30
#
1 2 91.39
1 3 63.62
1 4 9.71
1 5 57.18
1 6 49.51
1 7 93.71
1 8 55.01
2 3 40.66
2 4 80.22
2 5 73.39
2 6 36.11
2 7 36.56
2 8 69.65
3 4 13.72
3 5 93.10
3 6 29.80
3 7 60.35
3 8 28.11
4 5 11.68
4 6 22.65
4 7 95.92
4 8 30.80
5 6 43.53
5 7 70.68
5 8 69.70
6 7 43.19
6 8 6.37
7 8 42.33
#
1 2 73.58
1 3 78.16
1 4 6.15
1 5 73.49
1 6 41.78
1 7 10.86
1 8 39.19
2 3 94.81
2 4 13.09
2 5 89.21
2 6 35.47
2 7 96.83
2 8 71.12
3 4 66.58
3 5 33.39
3 6 40.77
3 7 75.31
3 8 35.02
4 5 74.10
4 6 44.18
4 7 66.65
4 8 89.30
5 6 61.83
5 7 62.57
5 8 20.10
6 7 13.88
6 8 41.78
7 8 93.33
#
1 2 60.59
1 3 43.15
1 4 35.66
1 5 42.70
1 6 29.83
1 7 36.81
1 8 24.71
2 3 66.61
2 4 51.19
2 5 58.91
2 6 69.95
2 7 59.28
2 8 56.64
3 4 5.42
3 5 56.11
3 6 27.76
3 7 75.53
3 8 93.03
4 5 72.06
4 6 59.36
4 7 28.05
4 8 54.68
5 6 12.06
5 7 89.70
5 8 43.98
6 7 77.41
6 8 60.79
7 8 67.61
#
1 2 94.82
1 3 11.09
1 4 60.94
1 5 55.41
1 6 49.24
1 7 91.60
1 8 6.63
2 3 82.59
2 4 36.93
2 5 26.35
2 6 57.73
2 7 83.12
2 8 80.26
3 4 27.68
3 5 42.40
3 6 45.42
3 7 28.10
3 8 7.03
4 5 68.18
4 6 12.15
4 7 95.06
4 8 48.76
5 6 66.51
5 7 23.11
5 8 11.96
6 7 73.57
6 8 21.33
7 8 50.95
#
1 2 59.51
1 3 85.65
1 4 18.56
1 5 54.33
1 6 91.74
1 7 83.02
1 8 9.74
2 3 49.51
2 4 74.62
2 5 11.38
2 6 32.10
2 7 20.07
2 8 41.25
3 4 84.83
3 5 98.19
3 6 21.51
3 7 12.51
3 8 49.11
4 5 61.93
4 6 44.14
4 7 51.14
4 8 38.63
5 6 51.29
5 7 46.21
5 8 90.92
6 7 26.33
6 8 72.84
7 8 97.88
#
1 2 8.42
1 3 97.70
1 4 57.35
1 5 62.93
1 6 83.35
1 7 79.43
1 8 17.26
2 3 83.61
2 4 62.45
2 5 30.53
2 6 41.64
2 7 45.59
2 8 36.91
3 4 68.75
3 5 69.18
3 6 73.16
3 7 62.10
3 8 67.37
4 5 98.19
4 6 78.14
4 7 25.00
4 8 68.64
5 6 22.28
5 7 71.15
5 8 15.79
6 7 77.09
6 8 25.88
7 8 6.71
#
1 2 98.42
1 3 93.72
1 4 13.12
1 5 6.85
1 6 99.94
1 7 73.99
1 8 64.78
2 3 83.29
2 4 61.95
2 5 85.57
2 6 75.43
2 7 32.92
2 8 16.10
3 4 17.07
3 5 82.04
3 6 48.01
3 7 89.34
3 8 51.22
4 5 29.69
4 6 51.45
4 7 18.60
4 8 36.40
5 6 38.11
5 7 38.60
5 8 5.04
6 7 55.39
6 8 18.27
7 8 24.35
#
1 2 41.00
1 3 39.15
1 4 34.59
1 5 39.43
1 6 41.40
1 7 42.71
1 8 49.80
2 3 41.34
2 4 25.22
2 5 23.10
2 6 33.16
2 7 82.17
2 8 8.67
3 4 17.11
3 5 23.62
3 6 19.77
3 7 29.18
3 8 5.66
4 5 62.78
4 6 27.05
4 7 51.88
4 8 95.99
5 6 82.02
5 7 74.00
5 8 32.39
6 7 20.13
6 8 21.13
7 8 40.95
#
1 2 79.04
1 3 34.40
1 4 60.31
1 5 20.04
1 6 77.08
1 7 89.90
1 8 54.47
2 3 27.00
2 4 41.13
2 5 12.79
2 6 71.86
2 7 69.87
2 8 30.90
3 4 13.54
3 5 60.57
3 6 34.57
3 7 25.65
3 8 79.19
4 5 49.35
4 6 58.36
4 7 79.85
4 8 20.65
5 6 80.41
5 7 31.73
5 8 16.65
6 7 62.43
6 8 14.26
7 8 52.56
#
1 2 86.08
1 3 30.39
1 4 97.04
1 5 65.12
1 6 59.79
1 7 57.35
1 8 80.16
2 3 45.39
2 4 55.77
2 5 43.16
2 6 67.39
2 7 5.42
2 8 50.95
3 4 39.26
3 5 70.29
3 6 76.85
3 7 47.80
3 8 30.86
4 5 11.43
4 6 76.98
4 7 10.05
4 8 55.78
5 6 35.34
5 7 93.42
5 8 71.43
6 7 24.27
6 8 33.68
7 8 91.60
#
1 2 90.22
1 3 42.94
1 4 44.17
1 5 76.30
1 6 68.33
1 7 41.21
1 8 41.42
2 3 28.12
2 4 7.08
2 5 30.10
2 6 77.04
2 7 57.85
2 8 68.26
3 4 44.43
3 5 66.79
3 6 27.74
3 7 87.21
3 8 37.08
4 5 99.59
4 6 35.02
4 7 62.95
4 8 19.54
5 6 12.00
5 7 76.52
5 8 70.32
6 7 50.86
6 8 69.95
7 8 50.28
#
1 2 70.13
1 3 98.63
1 4 50.40
1 5 60.35
1 6 41.57
1 7 98.09
1 8 36.65
2 3 9.90
2 4 47.82
2 5 81.59
2 6 41.54
2 7 49.90
2 8 11.69
3 4 18.58
3 5 16.27
3 6 83.48
3 7 66.54
3 8 78.06
4 5 11.22
4 6 53.75
4 7 23.67
4 8 10.81
5 6 92.29
5 7 81.62
5 8 25.36
6 7 12.81
6 8 66.66
7 8 99.20
#
1 2 58.67
1 3 36.61
1 4 58.00
1 5 28.80
1 6 43.76
1 7 8.41
1 8 92.67
2 3 88.85
2 4 6.50
2 5 29.32
2 6 93.75
2 7 49.33
2 8 10.91
3 4 43.82
3 5 7.75
3 6 26.13
3 7 65.92
3 8 27.55
4 5 9.61
4 6 32.46
4 7 14.13
4 8 15.83
5 6 89.74
5 7 32.80
5 8 30.16
6 7 82.03
6 8 22.94
7 8 50.52
#
1 2 98.37
1 3 84.61
1 4 58.25
1 5 57.04
1 6 29.74
1 7 16.25
1 8 89.37
2 3 68.51
2 4 28.18
2 5 82.04
2 6 57.36
2 7 29.69
2 8 19.89
3 4 59.64
3 5 82.54
3 6 34.32
3 7 11.98
3 8 93.81
4 5 55.45
4 6 72.90
4 7 21.36
4 8 68.58
5 6 13.89
5 7 30.50
5 8 79.41
6 7 98.63
6 8 58.30
7 8 18.10
#
1 2 89.18
1 3 76.25
1 4 72.14
1 5 87.55
1 6 69.38
1 7 30.39
1 8 44.60
2 3 94.12
2 4 50.17
2 5 42.49
2 6 71.15
2 7 73.35
2 8 33.05
3 4 28.52
3 5 11.56
3 6 47.94
3 7 91.68
3 8 97.62
4 5 77.27
4 6 12.18
4 7 91.44
4 8 41.24
5 6 80.08
5 7 21.32
5 8 9.83
6 7 97.49
6 8 46.82
7 8 92.76
#
1 2 96.12
1 3 13.65
1 4 10.86
1 5 85.31
1 6 93.42
1 7 78.01
1 8 81.38
2 3 62.80
2 4 16.92
2 5 34.50
2 6 65.44
2 7 62.09
2 8 71.99
3 4 36.60
3 5 43.97
3 6 5.05
3 7 68.64
3 8 50.53
4 5 56.51
4 6 60.32
4 7 48.16
4 8 33.78
5 6 76.02
5 7 48.12
5 8 78.55
6 7 56.10
6 8 64.44
7 8 91.90
#
1 2 53.60
1 3 19.79
1 4 84.66
1 5 58.24
1 6 36.96
1 7 99.05
1 8 52.07
2 3 30.38
2 4 85.58
2 5 33.46
2 6 96.70
2 7 97.50
2 8 62.96
3 4 62.14
3 5 59.60
3 6 43.48
3 7 93.74
3 8 98.57
4 5 52.05
4 6 62.38
4 7 57.62
4 8 8.56
5 6 31.22
5 7 14.30
5 8 37.35
6 7 7.24
6 8 57.42
7 8 24.42
#
1 2 66.87
1 3 30.39
1 4 16.32
1 5 28.99
1 6 45.18
1 7 95.98
1 8 82.23
2 3 85.66
2 4 8.55
2 5 42.83
2 6 16.04
2 7 89.13
2 8 79.81
3 4 21.26
3 5 86.64
3 6 51.29
3 7 78.40
3 8 54.76
4 5 89.77
4 6 80.67
4 7 61.85
4 8 41.82
5 6 51.57
5 7 19.47
5 8 45.39
6 7 77.80
6 8 28.78
7 8 86.26
#
1 2 88.56
1 3 89.72
1 4 19.20
1 5 55.43
1 6 20.11
1 7 30.52
1 8 79.42
2 3 68.81
2 4 35.02
2 5 70.18
2 6 54.47
2 7 38.58
2 8 21.53
3 4 74.03
3 5 27.71
3 6 96.34
3 7 98.81
3 8 14.35
4 5 47.63
4 6 85.74
4 7 72.63
4 8 45.93
5 6 66.41
5 7 34.48
5 8 91.27
6 7 17.98
6 8 48.96
7 8 45.18
#
1 2 99.30
1 3 81.26
1 4 39.96
1 5 87.87
1 6 70.98
1 7 54.16
1 8 43.30
2 3 94.62
2 4 79.68
2 5 31.25
2 6 71.95
2 7 14.71
2 8 9.95
3 4 34.95
3 5 48.29
3 6 26.48
3 7 8.98
3 8 79.52
4 5 31.34
4 6 16.32
4 7 88.88
4 8 73.97
5 6 97.06
5 7 61.51
5 8 28.42
6 7 63.47
6 8 99.52
7 8 19.70
#
1 2 84.97
1 3 48.48
1 4 59.88
1 5 84.28
1 6 29.74
1 7 94.85
1 8 72.15
2 3 9.24
2 4 49.01
2 5 23.97
2 6 98.86
2 7 37.22
2 8 50.22
3 4 79.34
3 5 55.45
3 6 55.17
3 7 14.29
3 8 98.74
4 5 85.17
4 6 26.79
4 7 86.78
4 8 16.51
5 6 38.11
5 7 75.66
5 8 94.01
6 7 35.17
6 8 45.70
7 8 22.43
#
1 2 93.64
1 3 53.74
1 4 37.13
1 5 78.62
1 6 97.22
1 7 5.54
1 8 62.90
2 3 35.48
2 4 8.91
2 5 43.57
2 6 39.72
2 7 61.44
2 8 62.54
3 4 47.11
3 5 93.66
3 6 12.77
3 7 26.45
3 8 49.11
4 5 71.46
4 6 44.26
4 7 56.37
4 8 56.64
5 6 66.05
5 7 43.16
5 8 76.67
6 7 99.17
6 8 27.34
7 8 70.68
#
1 2 34.34
1 3 76.56
1 4 88.12
1 5 36.51
1 6 30.30
1 7 33.77
1 8 23.65
2 3 36.04
2 4 42.83
2 5 90.07
2 6 66.52
2 7 46.74
2 8 33.64
3 4 14.77
3 5 8.19
3 6 99.70
3 7 56.88
3 8 10.37
4 5 12.47
4 6 86.85
4 7 63.01
4 8 87.46
5 6 31.11
5 7 19.38
5 8 52.62
6 7 5.68
6 8 66.06
7 8 29.29
#
1 2 99.85
1 3 96.93
1 4 8.50
1 5 42.72
1 6 73.49
1 7 91.62
1 8 82.75
2 3 12.32
2 4 33.91
2 5 6.40
2 6 43.36
2 7 71.75
2 8 91.47
3 4 9.89
3 5 18.49
3 6 33.63
3 7 19.66
3 8 30.20
4 5 33.33
4 6 80.06
4 7 44.10
4 8 49.33
5 6 75.43
5 7 7.11
5 8 45.31
6 7 15.06
6 8 30.01
7 8 92.93
#
1 2 24.26
1 3 91.08
1 4 30.74
1 5 24.12
1 6 88.01
1 7 34.24
1 8 70.36
2 3 70.02
2 4 25.86
2 5 53.11
2 6 77.34
2 7 63.30
2 8 54.51
3 4 20.71
3 5 35.05
3 6 54.50
3 7 34.12
3 8 57.06
4 5 91.65
4 6 57.30
4 7 90.79
4 8 24.98
5 6 45.88
5 7 34.89
5 8 77.83
6 7 29.83
6 8 37.00
7 8 23.14
#
1 2 48.41
1 3 62.01
1 4 16.07
1 5 67.67
1 6 61.61
1 7 41.82
1 8 86.79
2 3 58.14
2 4 71.06
2 5 65.67
2 6 28.17
2 7 5.45
2 8 18.78
3 4 14.03
3 5 72.27
3 6 76.81
3 7 38.26
3 8 7.32
4 5 39.83
4 6 67.38
4 7 67.90
4 8 31.48
5 6 33.20
5 7 67.21
5 8 59.99
6 7 74.08
6 8 97.10
7 8 37.82
#
1 2 12.43
1 3 42.62
1 4 64.49
1 5 55.84
1 6 13.16
1 7 84.08
1 8 23.52
2 3 69.77
2 4 25.90
2 5 18.83
2 6 36.44
2 7 5.49
2 8 79.51
3 4 59.61
3 5 14.46
3 6 6.81
3 7 68.64
3 8 81.73
4 5 78.63
4 6 6.91
4 7 92.57
4 8 26.98
5 6 77.81
5 7 68.99
5 8 53.47
6 7 11.02
6 8 36.21
7 8 13.46
#
1 2 88.62
1 3 41.83
1 4 54.80
1 5 9.58
1 6 79.46
1 7 19.29
1 8 60.42
2 3 87.62
2 4 98.38
2 5 87.46
2 6 65.91
2 7 32.80
2 8 14.82
3 4 97.35
3 5 41.81
3 6 97.85
3 7 65.48
3 8 59.79
4 5 99.66
4 6 42.65
4 7 50.04
4 8 86.81
5 6 44.56
5 7 51.13
5 8 13.80
6 7 30.89
6 8 28.65
7 8 62.27
#
1 2 45.43
1 3 59.86
1 4 79.25
1 5 42.58
1 6 96.69
1 7 42.57
1 8 47.16
2 3 84.67
2 4 56.87
2 5 16.10
2 6 80.81
2 7 63.77
2 8 98.57
3 4 46.73
3 5 5.09
3 6 21.91
3 7 52.60
3 8 50.43
4 5 19.76
4 6 18.09
4 7 18.74
4 8 19.42
5 6 55.74
5 7 63.79
5 8 14.76
6 7 8.82
6 8 23.44
7 8 23.56
#
1 2 43.23
1 3 47.09
1 4 89.35
1 5 83.67
1 6 15.47
1 7 68.60
1 8 26.25
2 3 20.69
2 4 19.69
2 5 76.93
2 6 5.36
2 7 71.56
2 8 96.55
3 4 81.18
3 5 43.85
3 6 95.12
3 7 36.43
3 8 52.47
4 5 17.03
4 6 92.55
4 7 11.42
4 8 40.31
5 6 10.64
5 7 25.16
5 8 54.74
6 7 69.90
6 8 92.47
7 8 64.50
#
1 2 82.24
1 3 24.44
1 4 91.58
1 5 25.48
1 6 66.53
1 7 80.93
1 8 17.67
2 3 85.53
2 4 58.05
2 5 47.44
2 6 6.22
2 7 72.74
2 8 24.37
3 4 15.10
3 5 52.83
3 6 20.92
3 7 91.28
3 8 5.20
4 5 24.57
4 6 36.23
4 7 52.67
4 8 45.12
5 6 28.79
5 7 67.61
5 8 80.44
6 7 42.95
6 8 87.78
7 8 43.70
#
1 2 12.86
1 3 88.77
1 4 8.20
1 5 98.62
1 6 13.21
1 7 8.30
1 8 24.10
2 3 83.27
2 4 84.23
2 5 36.77
2 6 68.80
2 7 42.28
2 8 79.21
3 4 78.54
3 5 15.02
3 6 12.10
3 7 88.64
3 8 71.37
4 5 36.55
4 6 88.45
4 7 71.58
4 8 56.12
5 6 24.68
5 7 32.77
5 8 9.76
6 7 56.99
6 8 95.39
7 8 93.72
#
1 2 94.95
1 3 91.69
1 4 37.42
1 5 16.33
1 6 80.46
1 7 49.14
1 8 14.95
2 3 97.20
2 4 52.44
2 5 34.06
2 6 88.99
2 7 36.67
2 8 74.35
3 4 66.31
3 5 82.47
3 6 62.09
3 7 44.85
3 8 6.02
4 5 69.19
4 6 33.49
4 7 72.39
4 8 5.74
5 6 21.94
5 7 43.97
5 8 65.38
6 7 50.15
6 8 71.75
7 8 78.67
#
1 2 7.14
1 3 75.66
1 4 72.39
1 5 97.09
1 6 67.35
1 7 9.82
1 8 21.94
2 3 56.33
2 4 62.48
2 5 31.90
2 6 62.05
2 7 14.93
2 8 69.48
3 4 59.56
3 5 55.12
3 6 43.83
3 7 25.87
3 8 46.12
4 5 5.92
4 6 74.24
4 7 47.14
4 8 78.64
5 6 16.26
5 7 19.53
5 8 87.90
6 7 33.20
6 8 67.03
7 8 53.29
#
1 2 86.87
1 3 47.30
1 4 40.48
1 5 97.54
1 6 31.48
1 7 12.87
1 8 94.63
2 3 93.83
2 4 26.21
2 5 25.10
2 6 58.68
2 7 83.70
2 8 52.00
3 4 20.74
3 5 7.15
3 6 21.48
3 7 75.30
3 8 65.79
4 5 68.83
4 6 9.70
4 7 11.91
4 8 69.76
5 6 78.94
5 7 54.05
5 8 56.92
6 7 90.20
6 8 77.11
7 8 44.82
#
1 2 31.93
1 3 52.66
1 4 6.63
1 5 27.32
1 6 94.96
1 7 42.11
1 8 24.86
2 3 26.44
2 4 58.51
2 5 28.02
2 6 28.79
2 7 88.24
2 8 48.12
3 4 82.47
3 5 71.94
3 6 95.12
3 7 11.73
3 8 82.61
4 5 25.12
4 6 90.56
4 7 48.41
4 8 88.95
5 6 95.26
5 7 55.32
5 8 67.23
6 7 82.72
6 8 9.38
7 8 32.67
#
1 2 81.45
1 3 90.01
1 4 72.50
1 5 21.90
1 6 42.67
1 7 82.65
1 8 44.22
2 3 46.15
2 4 33.29
2 5 64.09
2 6 76.11
2 7 86.80
2 8 87.11
3 4 99.90
3 5 75.04
3 6 43.75
3 7 90.89
3 8 55.51
4 5 47.39
4 6 97.63
4 7 38.12
4 8 67.51
5 6 96.71
5 7 90.05
5 8 64.98
6 7 91.97
6 8 45.38
7 8 32.22
#
1 2 83.21
1 3 58.28
1 4 59.89
1 5 64.66
1 6 48.29
1 7 40.91
1 8 81.56
2 3 85.96
2 4 32.09
2 5 34.31
2 6 32.11
2 7 60.38
2 8 93.40
3 4 8.22
3 5 55.70
3 6 89.03
3 7 16.64
3 8 39.26
4 5 41.30
4 6 7.53
4 7 89.77
4 8 83.69
5 6 13.68
5 7 36.42
5 8 59.72
6 7 10.39
6 8 26.47
7 8 24.70
#
1 2 10.88
1 3 75.37
1 4 60.44
1 5 97.62
1 6 33.65
1 7 28.86
1 8 62.28
2 3 76.94
2 4 64.77
2 5 52.37
2 6 71.42
2 7 91.86
2 8 81.68
3 4 98.53
3 5 60.76
3 6 83.60
3 7 15.27
3 8 16.46
4 5 81.15
4 6 26.91
4 7 50.73
4 8 22.45
5 6 37.97
5 7 40.50
5 8 14.66
6 7 55.17
6 8 80.44
7 8 69.38
#
1 2 69.09
1 3 15.44
1 4 89.08
1 5 74.97
1 6 85.81
1 7 49.53
1 8 81.11
2 3 27.99
2 4 73.39
2 5 43.40
2 6 13.45
2 7 46.68
2 8 99.29
3 4 79.88
3 5 38.55
3 6 89.49
3 7 86.93
3 8 7.83
4 5 73.09
4 6 97.21
4 7 19.30
4 8 62.76
5 6 32.64
5 7 65.03
5 8 80.21
6 7 65.61
6 8 14.05
7 8 98.39
#
1 2 29.31
1 3 98.02
1 4 67.77
1 5 93.40
1 6 13.46
1 7 56.85
1 8 76.89
2 3 7.79
2 4 14.90
2 5 58.01
2 6 39.30
2 7 83.29
2 8 9.93
3 4 47.76
3 5 38.50
3 6 9.22
3 7 27.64
3 8 80.57
4 5 93.71
4 6 14.57
4 7 83.40
4 8 75.32
5 6 20.30
5 7 97.70
5 8 38.08
6 7 47.95
6 8 71.25
7 8 26.81
#
1 2 22.08
1 3 80.31
1 4 25.20
1 5 46.39
1 6 78.33
1 7 87.97
1 8 39.79
2 3 95.31
2 4 53.34
2 5 16.69
2 6 98.10
2 7 63.25
2 8 78.22
3 4 45.93
3 5 55.06
3 6 83.15
3 7 88.69
3 8 88.56
4 5 87.37
4 6 24.85
4 7 77.65
4 8 89.60
5 6 42.94
5 7 61.06
5 8 64.92
6 7 58.25
6 8 67.28
7 8 98.00
#
1 2 14.72
1 3 38.54
1 4 24.81
1 5 31.80
1 6 18.85
1 7 45.01
1 8 81.72
2 3 5.70
2 4 41.50
2 5 30.03
2 6 96.01
2 7 89.84
2 8 41.72
3 4 7.63
3 5 61.61
3 6 28.46
3 7 48.56
3 8 16.68
4 5 11.61
4 6 37.25
4 7 13.76
4 8 93.98
5 6 65.62
5 7 86.42
5 8 83.58
6 7 8.57
6 8 56.00
7 8 48.50
#
1 2 70.34
1 3 23.28
1 4 55.02
1 5 88.58
1 6 56.82
1 7 74.83
1 8 20.38
2 3 70.67
2 4 28.36
2 5 10.62
2 6 79.89
2 7 64.86
2 8 35.66
3 4 75.90
3 5 54.71
3 6 80.90
3 7 78.54
3 8 16.32
4 5 9.37
4 6 35.62
4 7 36.52
4 8 15.98
5 6 76.40
5 7 53.81
5 8 18.49
6 7 42.02
6 8 40.23
7 8 10.59
#
1 2 54.11
1 3 99.75
1 4 62.62
1 5 24.45
1 6 23.03
1 7 17.64
1 8 13.03
2 3 74.86
2 4 96.00
2 5 36.94
2 6 54.05
2 7 24.36
2 8 51.08
3 4 33.95
3 5 92.75
3 6 81.74
3 7 18.37
3 8 55.98
4 5 71.17
4 6 91.91
4 7 75.82
4 8 75.54
5 6 36.06
5 7 12.35
5 8 95.04
6 7 12.46
6 8 69.68
7 8 22.05
#
