1 2 89.88
1 3 51.89
1 4 14.25
2 3 11.84
2 4 69.32
3 4 57.48
#
1 2 62.59
1 3 95.05
1 4 7.48
2 3 32.55
2 4 27.23
3 4 23.69
#
1 2 11.72
1 3 42.05
1 4 94.22
2 3 54.03
2 4 63.65
3 4 66.53
#
1 2 58.13
1 3 27.61
1 4 62.41
2 3 81.44
2 4 24.97
3 4 87.29
#
1 2 58.79
1 3 50.80
1 4 14.79
2 3 84.55
2 4 87.11
3 4 52.84
#
1 2 29.79
1 3 76.99
1 4 13.26
2 3 47.57
2 4 83.83
3 4 77.58
#
1 2 5.05
1 3 46.42
1 4 81.15
2 3 16.05
2 4 82.49
3 4 16.90
#
1 2 34.74
1 3 89.21
1 4 53.95
2 3 37.48
2 4 51.76
3 4 26.12
#
1 2 99.01
1 3 9.89
1 4 57.25
2 3 69.94
2 4 94.85
3 4 77.22
#
1 2 65.75
1 3 53.64
1 4 28.03
2 3 75.55
2 4 46.71
3 4 15.14
#
1 2 36.91
1 3 71.51
1 4 87.13
2 3 45.17
2 4 27.60
3 4 70.96
#
1 2 31.28
1 3 27.65
1 4 25.90
2 3 12.43
2 4 38.70
3 4 8.39
#
1 2 24.34
1 3 76.96
1 4 6.12
2 3 81.81
2 4 14.44
3 4 52.89
#
1 2 7.94
1 3 21.98
1 4 66.30
2 3 60.19
2 4 86.92
3 4 61.16
#
1 2 45.94
1 3 61.20
1 4 23.32
2 3 68.97
2 4 45.27
3 4 65.04
#
1 2 87.63
1 3 77.18
1 4 45.07
2 3 74.76
2 4 30.88
3 4 67.67
#
1 2 54.24
1 3 57.16
1 4 90.32
2 3 75.14
2 4 73.11
3 4 37.54
#
1 2 87.05
1 3 5.97
1 4 23.02
2 3 96.69
2 4 91.31
3 4 32.46
#
1 2 58.10
1 3 7.77
1 4 49.44
2 3 24.41
2 4 71.48
3 4 44.89
#
1 2 89.09
1 3 17.42
1 4 6.09
2 3 12.41
2 4 89.91
3 4 46.36
#
1 2 72.45
1 3 77.54
1 4 32.06
2 3 17.52
2 4 52.30
3 4 57.94
#
1 2 88.71
1 3 15.06
1 4 23.62
2 3 87.55
2 4 93.72
3 4 91.74
#
1 2 25.09
1 3 80.77
1 4 6.23
2 3 43.11
2 4 85.99
3 4 92.54
#
1 2 79.10
1 3 44.09
1 4 95.31
2 3 28.54
2 4 72.02
3 4 75.32
#
1 2 68.43
1 3 69.63
1 4 87.74
2 3 78.04
2 4 77.05
3 4 77.66
#
1 2 24.40
1 3 58.02
1 4 55.20
2 3 51.47
2 4 70.55
3 4 16.03
#
1 2 17.93
1 3 67.78
1 4 26.09
2 3 45.08
2 4 55.34
3 4 19.82
#
1 2 45.34
1 3 83.95
1 4 9.11
2 3 46.57
2 4 35.59
3 4 90.10
#
1 2 47.64
1 3 14.69
1 4 42.72
2 3 51.47
2 4 38.23
3 4 23.26
#
1 2 26.79
1 3 15.19
1 4 87.90
2 3 14.54
2 4 88.23
3 4 64.95
#
1 2 87.20
1 3 21.16
1 4 22.97
2 3 50.92
2 4 76.15
3 4 97.04
#
1 2 61.95
1 3 97.60
1 4 64.83
2 3 91.57
2 4 42.68
3 4 20.17
#
1 2 11.39
1 3 83.02
1 4 12.64
2 3 15.50
2 4 38.12
3 4 43.23
#
1 2 14.13
1 3 80.76
1 4 52.92
2 3 51.85
2 4 32.23
3 4 94.68
#
1 2 78.63
1 3 54.03
1 4 9.87
2 3 66.53
2 4 63.57
3 4 6.62
#
1 2 31.48
1 3 59.29
1 4 22.78
2 3 57.98
2 4 18.73
3 4 7.45
#
1 2 55.02
1 3 84.21
1 4 5.06
2 3 28.37
2 4 75.78
3 4 42.74
#
1 2 52.06
1 3 90.69
1 4 25.77
2 3 59.71
2 4 14.71
3 4 58.89
#
1 2 97.94
1 3 23.84
1 4 48.17
2 3 59.39
2 4 79.21
3 4 75.40
#
1 2 54.07
1 3 57.85
1 4 29.43
2 3 67.46
2 4 24.38
3 4 96.52
#
1 2 69.08
1 3 59.39
1 4 64.33
2 3 95.39
2 4 17.37
3 4 78.07
#
1 2 97.84
1 3 75.91
1 4 70.80
2 3 97.90
2 4 12.81
3 4 46.58
#
1 2 40.65
1 3 59.87
1 4 37.27
2 3 69.94
2 4 28.10
3 4 55.50
#
1 2 37.35
1 3 26.05
1 4 82.87
2 3 80.52
2 4 88.96
3 4 62.08
#
1 2 55.92
1 3 43.03
1 4 28.45
2 3 88.88
2 4 10.49
3 4 56.36
#
1 2 93.92
1 3 83.09
1 4 24.27
2 3 58.26
2 4 78.48
3 4 45.16
#
1 2 44.85
1 3 76.33
1 4 21.07
2 3 24.17
2 4 82.75
3 4 37.40
#
1 2 65.75
1 3 23.40
1 4 92.28
2 3 11.54
2 4 96.86
3 4 20.38
#
1 2 70.56
1 3 34.21
1 4 49.95
2 3 53.43
2 4 14.73
3 4 38.91
#
1 2 24.04
1 3 74.18
1 4 85.46
2 3 47.49
2 4 63.06
3 4 90.95
#
1 2 12.37
1 3 65.50
1 4 74.05
2 3 31.64
2 4 32.28
3 4 61.05
#
1 2 71.80
1 3 80.65
1 4 45.90
2 3 96.40
2 4 99.82
3 4 28.66
#
1 2 33.80
1 3 74.09
1 4 55.58
2 3 34.60
2 4 89.15
3 4 52.45
#
1 2 58.51
1 3 59.72
1 4 81.66
2 3 16.98
2 4 13.15
3 4 99.92
#
1 2 59.42
1 3 32.19
1 4 74.10
2 3 44.88
2 4 83.21
3 4 45.68
#
1 2 35.84
1 3 90.58
1 4 11.18
2 3 18.41
2 4 30.75
3 4 46.99
#
1 2 82.98
1 3 11.07
1 4 27.64
2 3 28.89
2 4 15.99
3 4 27.47
#
1 2 52.55
1 3 44.80
1 4 10.08
2 3 16.65
2 4 82.92
3 4 94.24
#
1 2 64.10
1 3 49.95
1 4 53.96
2 3 54.29
2 4 61.94
3 4 70.63
#
1 2 62.73
1 3 21.36
1 4 97.83
2 3 45.35
2 4 61.24
3 4 89.56
#
1 2 86.03
1 3 5.60
1 4 88.66
2 3 5.73
2 4 27.53
3 4 19.41
#
1 2 47.72
1 3 10.52
1 4 25.49
2 3 78.89
2 4 34.41
3 4 36.48
#
1 2 14.88
1 3 90.48
1 4 84.80
2 3 19.96
2 4 7.13
3 4 76.25
#
1 2 14.20
1 3 74.76
1 4 26.20
2 3 63.16
2 4 29.05
3 4 91.66
#
1 2 42.32
1 3 86.78
1 4 13.02
2 3 48.67
2 4 32.13
3 4 77.79
#
1 2 38.23
1 3 26.68
1 4 78.39
2 3 26.89
2 4 35.93
3 4 14.45
#
1 2 49.83
1 3 87.18
1 4 19.97
2 3 70.32
2 4 66.07
3 4 57.90
#
1 2 15.32
1 3 75.95
1 4 48.38
2 3 8.65
2 4 99.43
3 4 50.51
#
1 2 88.42
1 3 13.64
1 4 25.27
2 3 14.62
2 4 80.32
3 4 57.84
#
1 2 6.29
1 3 22.64
1 4 53.14
2 3 22.83
2 4 66.31
3 4 88.79
#
1 2 95.62
1 3 99.54
1 4 23.99
2 3 82.54
2 4 34.96
3 4 54.93
#
1 2 91.99
1 3 79.79
1 4 50.63
2 3 11.96
2 4 50.11
3 4 25.22
#
1 2 64.86
1 3 68.95
1 4 9.69
2 3 21.76
2 4 81.12
3 4 9.12
#
1 2 75.79
1 3 69.54
1 4 17.76
2 3 9.59
2 4 87.69
3 4 93.09
#
1 2 62.43
1 3 88.98
1 4 15.73
2 3 15.58
2 4 20.33
3 4 85.57
#
1 2 12.89
1 3 15.96
1 4 85.11
2 3 31.89
2 4 7.02
3 4 20.07
#
1 2 81.82
1 3 94.01
1 4 94.86
2 3 32.45
2 4 14.49
3 4 53.49
#
1 2 61.19
1 3 82.87
1 4 30.97
2 3 65.88
2 4 99.63
3 4 12.09
#
1 2 70.00
1 3 75.42
1 4 76.64
2 3 82.77
2 4 80.01
3 4 72.85
#
1 2 84.38
1 3 50.97
1 4 61.83
2 3 95.11
2 4 70.07
3 4 85.68
#
1 2 89.20
1 3 77.96
1 4 10.16
2 3 74.32
2 4 9.85
3 4 12.18
#
1 2 97.91
1 3 95.19
1 4 14.71
2 3 6.30
2 4 36.16
3 4 24.20
#
1 2 63.31
1 3 92.35
1 4 15.59
2 3 89.28
2 4 58.23
3 4 15.22
#
1 2 9.90
1 3 28.24
1 4 94.17
2 3 90.06
2 4 19.53
3 4 82.70
#
1 2 62.91
1 3 98.91
1 4 33.67
2 3 33.26
2 4 7.54
3 4 98.74
#
1 2 18.94
1 3 91.75
1 4 76.71
2 3 24.11
2 4 66.07
3 4 90.08
#
1 2 39.81
1 3 72.50
1 4 85.28
2 3 49.53
2 4 73.80
3 4 21.44
#
1 2 77.25
1 3 45.64
1 4 22.32
2 3 87.85
2 4 34.92
3 4 75.55
#
1 2 11.59
1 3 48.34
1 4 12.31
2 3 5.76
2 4 38.40
3 4 26.84
#
1 2 83.47
1 3 96.31
1 4 25.75
2 3 17.14
2 4 29.57
3 4 28.30
#
1 2 24.41
1 3 52.04
1 4 28.57
2 3 9.64
2 4 71.15
3 4 98.16
#
1 2 8.24
1 3 19.48
1 4 70.66
2 3 88.52
2 4 64.01
3 4 52.99
#
1 2 18.49
1 3 41.27
1 4 93.63
2 3 35.81
2 4 37.64
3 4 37.07
#
1 2 19.88
1 3 44.23
1 4 80.42
2 3 27.20
2 4 45.00
3 4 18.82
#
1 2 49.04
1 3 36.99
1 4 23.66
2 3 69.80
2 4 57.65
3 4 56.75
#
1 2 6.62
1 3 77.06
1 4 8.79
2 3 30.19
2 4 90.22
3 4 83.46
#
1 2 28.35
1 3 93.47
1 4 97.95
2 3 7.53
2 4 90.51
3 4 70.48
#
1 2 55.52
1 3 9.00
1 4 20.27
2 3 57.67
2 4 48.33
3 4 52.91
#
1 2 98.27
1 3 63.22
1 4 92.15
2 3 78.69
2 4 85.42
3 4 45.67
#
1 2 6.03
1 3 34.46
1 4 77.66
2 3 24.69
2 4 12.78
3 4 35.31
#
